{
  "date": "2026-07-07T03:27:12.599Z",
  "encoderContentHash": "40e8c8ba4c3d081c5051ea62d946d2ee9ee9f3205853b5c377a4c1e647e2d10c",
  "corpusPin": {
    "manifestSha256": "a9efbccdd9c7fe50f614d4687078584da603c5f07dce822cd323e0a5d7f4bdde",
    "conceptsSha256": "594021f66c2411825f9f09ec70319246419b94ac22d6032cd6007801fee9cea4",
    "conceptCount": 54
  },
  "derivation": "AST surface word sets (see poc/e2/harness/glossRdm.ts header: prime/operator/determiner exponents lowercased, first ~-variant, hyphens split; referent kinds at declaration; concept refs -> referenced slug words; structural material contributes nothing; no stopword removal). Similarity = Jaccard over word sets.",
  "convention": "similarity (Jaccard, unit diagonal); item order = ids[]",
  "ids": [
    "urn:kernel-v0:afraid",
    "urn:kernel-v0:alive",
    "urn:kernel-v0:angry",
    "urn:kernel-v0:archived",
    "urn:kernel-v0:begin",
    "urn:kernel-v0:believe",
    "urn:kernel-v0:birth",
    "urn:kernel-v0:bookmark",
    "urn:kernel-v0:break",
    "urn:kernel-v0:broken",
    "urn:kernel-v0:cause",
    "urn:kernel-v0:celebration",
    "urn:kernel-v0:change",
    "urn:kernel-v0:condolence",
    "urn:kernel-v0:conversation",
    "urn:kernel-v0:dead",
    "urn:kernel-v0:death",
    "urn:kernel-v0:end",
    "urn:kernel-v0:event",
    "urn:kernel-v0:find",
    "urn:kernel-v0:forget",
    "urn:kernel-v0:friend",
    "urn:kernel-v0:gift",
    "urn:kernel-v0:give",
    "urn:kernel-v0:grieving",
    "urn:kernel-v0:happy",
    "urn:kernel-v0:help",
    "urn:kernel-v0:helpful",
    "urn:kernel-v0:inside",
    "urn:kernel-v0:kind",
    "urn:kernel-v0:learn",
    "urn:kernel-v0:liar",
    "urn:kernel-v0:lie",
    "urn:kernel-v0:lose",
    "urn:kernel-v0:lost",
    "urn:kernel-v0:make",
    "urn:kernel-v0:memory",
    "urn:kernel-v0:near",
    "urn:kernel-v0:promise",
    "urn:kernel-v0:remember",
    "urn:kernel-v0:reminder",
    "urn:kernel-v0:repair",
    "urn:kernel-v0:right",
    "urn:kernel-v0:sad",
    "urn:kernel-v0:take",
    "urn:kernel-v0:teacher",
    "urn:kernel-v0:thief",
    "urn:kernel-v0:trustworthy",
    "urn:kernel-v0:useful",
    "urn:kernel-v0:visible",
    "urn:kernel-v0:wrong"
  ],
  "words": [
    "afraid",
    "alive",
    "angry",
    "archived",
    "begin",
    "believe",
    "birth",
    "bookmark",
    "break",
    "broken",
    "cause",
    "celebration",
    "change",
    "condolence",
    "conversation",
    "dead",
    "death",
    "end",
    "event",
    "find",
    "forget",
    "friend",
    "gift",
    "give",
    "grieving",
    "happy",
    "help",
    "helpful",
    "inside",
    "kind",
    "learn",
    "liar",
    "lie",
    "lose",
    "lost",
    "make",
    "memory",
    "near",
    "promise",
    "remember",
    "reminder",
    "repair",
    "right",
    "sad",
    "take",
    "teacher",
    "thief",
    "trustworthy",
    "useful",
    "visible",
    "wrong"
  ],
  "glossWordSets": [
    [
      "after",
      "bad",
      "because",
      "can",
      "don't",
      "feel",
      "happen",
      "i",
      "maybe",
      "now",
      "some",
      "someone",
      "something",
      "think",
      "very",
      "want"
    ],
    [
      "body",
      "can",
      "feel",
      "live",
      "move",
      "now",
      "someone"
    ],
    [
      "bad",
      "because",
      "before",
      "do",
      "don't",
      "feel",
      "i",
      "now",
      "some",
      "someone",
      "something",
      "think",
      "want"
    ],
    [
      "after",
      "because",
      "before",
      "can",
      "do",
      "don't",
      "i",
      "if",
      "is",
      "now",
      "see",
      "some",
      "someone",
      "something",
      "there",
      "think",
      "time",
      "want",
      "when"
    ],
    [
      "after",
      "before",
      "happen",
      "not",
      "something",
      "time"
    ],
    [
      "know",
      "not",
      "someone",
      "something",
      "think",
      "true"
    ],
    [
      "after",
      "be",
      "before",
      "event",
      "happen",
      "kind",
      "live",
      "not",
      "of",
      "some",
      "someone",
      "something",
      "spec",
      "time",
      "when"
    ],
    [
      "be",
      "because",
      "can",
      "do",
      "is",
      "know",
      "other",
      "place",
      "say",
      "some",
      "someone",
      "something",
      "somewhere",
      "spec",
      "there",
      "where",
      "words"
    ],
    [
      "after",
      "bad",
      "be",
      "because",
      "can",
      "do",
      "happen",
      "is",
      "much",
      "not",
      "one",
      "people",
      "small",
      "some",
      "someone",
      "something",
      "spec",
      "there",
      "time",
      "when"
    ],
    [
      "because",
      "before",
      "break",
      "can",
      "do",
      "happen",
      "kind",
      "not",
      "now",
      "of",
      "people",
      "some",
      "something"
    ],
    [
      "after",
      "because",
      "happen",
      "if",
      "not",
      "some",
      "something",
      "time",
      "when"
    ],
    [
      "be",
      "because",
      "before",
      "big",
      "event",
      "feel",
      "good",
      "happen",
      "happy",
      "kind",
      "much",
      "now",
      "of",
      "people",
      "some",
      "something",
      "spec",
      "very",
      "when"
    ],
    [
      "after",
      "be",
      "before",
      "happen",
      "kind",
      "not",
      "of",
      "one",
      "same",
      "some",
      "something",
      "spec",
      "the",
      "time",
      "when"
    ],
    [
      "a",
      "bad",
      "be",
      "because",
      "don't",
      "feel",
      "grieving",
      "long",
      "other",
      "say",
      "someone",
      "something",
      "spec",
      "time",
      "want",
      "words"
    ],
    [
      "be",
      "event",
      "happen",
      "hear",
      "kind",
      "much",
      "of",
      "other",
      "say",
      "someone",
      "something",
      "spec",
      "when",
      "words"
    ],
    [
      "before",
      "can",
      "die",
      "do",
      "live",
      "not",
      "now",
      "some",
      "someone",
      "something"
    ],
    [
      "after",
      "be",
      "die",
      "event",
      "happen",
      "kind",
      "live",
      "not",
      "of",
      "some",
      "someone",
      "something",
      "spec",
      "time",
      "when"
    ],
    [
      "after",
      "before",
      "can",
      "happen",
      "know",
      "not",
      "people",
      "something",
      "time"
    ],
    [
      "after",
      "before",
      "can",
      "happen",
      "know",
      "not",
      "now",
      "people",
      "some",
      "something",
      "time",
      "when"
    ],
    [
      "be",
      "because",
      "before",
      "do",
      "know",
      "not",
      "now",
      "place",
      "see",
      "some",
      "someone",
      "something",
      "somewhere",
      "where"
    ],
    [
      "before",
      "can",
      "know",
      "not",
      "now",
      "someone",
      "something",
      "think"
    ],
    [
      "bad",
      "do",
      "don't",
      "feel",
      "good",
      "i",
      "know",
      "some",
      "someone",
      "something",
      "think",
      "want",
      "when"
    ],
    [
      "because",
      "before",
      "can",
      "feel",
      "give",
      "good",
      "happen",
      "i",
      "is",
      "kind",
      "mine",
      "now",
      "of",
      "other",
      "say",
      "some",
      "someone",
      "something",
      "want"
    ],
    [
      "after",
      "before",
      "can",
      "do",
      "i",
      "is",
      "mine",
      "not",
      "other",
      "say",
      "some",
      "someone",
      "something",
      "time",
      "when"
    ],
    [
      "be",
      "because",
      "before",
      "death",
      "for",
      "happen",
      "kind",
      "now",
      "of",
      "sad",
      "some",
      "someone",
      "something",
      "spec",
      "think",
      "time"
    ],
    [
      "because",
      "before",
      "don't",
      "feel",
      "good",
      "happen",
      "i",
      "now",
      "other",
      "some",
      "someone",
      "something",
      "think",
      "want"
    ],
    [
      "because",
      "can",
      "do",
      "some",
      "someone",
      "something",
      "want"
    ],
    [
      "because",
      "do",
      "feel",
      "good",
      "happen",
      "help",
      "kind",
      "much",
      "of",
      "other",
      "people",
      "someone",
      "something",
      "want"
    ],
    [
      "be",
      "if",
      "inside",
      "move",
      "something",
      "somewhere"
    ],
    [
      "be",
      "before",
      "can",
      "kind",
      "know",
      "not",
      "now",
      "of",
      "one",
      "people",
      "same",
      "see",
      "some",
      "something",
      "spec",
      "the",
      "two"
    ],
    [
      "because",
      "before",
      "do",
      "know",
      "much",
      "not",
      "now",
      "someone",
      "something",
      "want"
    ],
    [
      "bad",
      "be",
      "because",
      "can",
      "kind",
      "lie",
      "much",
      "of",
      "other",
      "people",
      "say",
      "some",
      "someone",
      "spec",
      "think"
    ],
    [
      "be",
      "because",
      "know",
      "not",
      "other",
      "say",
      "someone",
      "something",
      "spec",
      "think",
      "true",
      "want",
      "words"
    ],
    [
      "be",
      "before",
      "know",
      "not",
      "now",
      "place",
      "some",
      "someone",
      "something",
      "somewhere",
      "want",
      "where"
    ],
    [
      "be",
      "before",
      "happen",
      "kind",
      "know",
      "lose",
      "not",
      "now",
      "of",
      "some",
      "someone",
      "something",
      "somewhere",
      "where"
    ],
    [
      "because",
      "before",
      "do",
      "is",
      "not",
      "some",
      "someone",
      "something",
      "there",
      "time",
      "when"
    ],
    [
      "be",
      "because",
      "can",
      "happen",
      "is",
      "kind",
      "now",
      "of",
      "other",
      "part",
      "remember",
      "some",
      "someone",
      "something",
      "somewhere",
      "there",
      "think"
    ],
    [
      "be",
      "can",
      "far",
      "if",
      "near",
      "not",
      "see",
      "someone",
      "something",
      "somewhere"
    ],
    [
      "after",
      "be",
      "can",
      "do",
      "i",
      "know",
      "now",
      "other",
      "say",
      "some",
      "someone",
      "something",
      "spec",
      "want",
      "words",
      "you"
    ],
    [
      "because",
      "before",
      "can",
      "know",
      "now",
      "someone",
      "something",
      "think"
    ],
    [
      "after",
      "because",
      "can",
      "do",
      "forget",
      "happen",
      "if",
      "is",
      "kind",
      "not",
      "now",
      "of",
      "other",
      "remember",
      "see",
      "some",
      "someone",
      "something",
      "there",
      "think",
      "want"
    ],
    [
      "after",
      "be",
      "before",
      "broken",
      "can",
      "do",
      "not",
      "people",
      "some",
      "someone",
      "something",
      "spec",
      "time",
      "when"
    ],
    [
      "be",
      "can",
      "do",
      "good",
      "if",
      "know",
      "people",
      "someone",
      "something",
      "spec",
      "think"
    ],
    [
      "bad",
      "because",
      "before",
      "can",
      "do",
      "don't",
      "feel",
      "happen",
      "i",
      "not",
      "now",
      "some",
      "someone",
      "something",
      "think",
      "want"
    ],
    [
      "after",
      "before",
      "can",
      "do",
      "i",
      "is",
      "mine",
      "not",
      "say",
      "some",
      "someone",
      "something",
      "time",
      "when"
    ],
    [
      "because",
      "do",
      "happen",
      "kind",
      "know",
      "learn",
      "much",
      "of",
      "other",
      "people",
      "say",
      "someone",
      "something",
      "want"
    ],
    [
      "because",
      "do",
      "don't",
      "happen",
      "kind",
      "much",
      "of",
      "other",
      "people",
      "see",
      "some",
      "someone",
      "something",
      "take",
      "want"
    ],
    [
      "after",
      "be",
      "can",
      "do",
      "good",
      "if",
      "kind",
      "lie",
      "not",
      "now",
      "of",
      "other",
      "people",
      "promise",
      "say",
      "some",
      "someone",
      "something",
      "spec",
      "think"
    ],
    [
      "because",
      "can",
      "do",
      "good",
      "if",
      "is",
      "more",
      "much",
      "some",
      "someone",
      "something",
      "there",
      "want"
    ],
    [
      "can",
      "if",
      "people",
      "see",
      "someone",
      "something",
      "want"
    ],
    [
      "bad",
      "do",
      "don't",
      "happen",
      "if",
      "like",
      "people",
      "some",
      "someone",
      "something",
      "think",
      "want"
    ]
  ],
  "similarity": [
    [
      1,
      0.21052631578947367,
      0.6111111111111112,
      0.4583333333333333,
      0.15789473684210525,
      0.15789473684210525,
      0.19230769230769232,
      0.17857142857142858,
      0.2857142857142857,
      0.2608695652173913,
      0.25,
      0.25,
      0.14814814814814814,
      0.28,
      0.1111111111111111,
      0.23809523809523808,
      0.19230769230769232,
      0.19047619047619047,
      0.2727272727272727,
      0.2,
      0.2631578947368421,
      0.45,
      0.4,
      0.24,
      0.28,
      0.5789473684210527,
      0.35294117647058826,
      0.25,
      0.047619047619047616,
      0.13793103448275862,
      0.23809523809523808,
      0.24,
      0.20833333333333334,
      0.21739130434782608,
      0.2,
      0.17391304347826086,
      0.32,
      0.13043478260869565,
      0.3333333333333333,
      0.3333333333333333,
      0.37037037037037035,
      0.2,
      0.17391304347826086,
      0.6842105263157895,
      0.25,
      0.2,
      0.2916666666666667,
      0.2413793103448276,
      0.2608695652173913,
      0.21052631578947367,
      0.4
    ],
    [
      0.21052631578947367,
      1,
      0.17647058823529413,
      0.13043478260869565,
      0,
      0.08333333333333333,
      0.1,
      0.09090909090909091,
      0.08,
      0.1111111111111111,
      0,
      0.08333333333333333,
      0,
      0.09523809523809523,
      0.05,
      0.3076923076923077,
      0.1,
      0.06666666666666667,
      0.11764705882352941,
      0.10526315789473684,
      0.25,
      0.1111111111111111,
      0.18181818181818182,
      0.1,
      0.09523809523809523,
      0.16666666666666666,
      0.16666666666666666,
      0.10526315789473684,
      0.08333333333333333,
      0.09090909090909091,
      0.13333333333333333,
      0.1,
      0.05263157894736842,
      0.11764705882352941,
      0.10526315789473684,
      0.058823529411764705,
      0.14285714285714285,
      0.13333333333333333,
      0.15,
      0.25,
      0.12,
      0.10526315789473684,
      0.125,
      0.21052631578947367,
      0.10526315789473684,
      0.05,
      0.047619047619047616,
      0.125,
      0.1111111111111111,
      0.16666666666666666,
      0.05555555555555555
    ],
    [
      0.6111111111111112,
      0.17647058823529413,
      1,
      0.5238095238095238,
      0.11764705882352941,
      0.1875,
      0.16666666666666666,
      0.2,
      0.2222222222222222,
      0.3,
      0.15789473684210525,
      0.23076923076923078,
      0.12,
      0.3181818181818182,
      0.08,
      0.35294117647058826,
      0.12,
      0.1,
      0.19047619047619047,
      0.35,
      0.3125,
      0.625,
      0.391304347826087,
      0.2727272727272727,
      0.3181818181818182,
      0.6875,
      0.42857142857142855,
      0.2857142857142857,
      0.05555555555555555,
      0.15384615384615385,
      0.4375,
      0.21739130434782608,
      0.23809523809523808,
      0.3157894736842105,
      0.22727272727272727,
      0.3333333333333333,
      0.25,
      0.09523809523809523,
      0.3181818181818182,
      0.4,
      0.3076923076923077,
      0.22727272727272727,
      0.2,
      0.8125,
      0.2857142857142857,
      0.22727272727272727,
      0.3333333333333333,
      0.2222222222222222,
      0.3,
      0.17647058823529413,
      0.47058823529411764
    ],
    [
      0.4583333333333333,
      0.13043478260869565,
      0.5238095238095238,
      1,
      0.19047619047619047,
      0.13636363636363635,
      0.25925925925925924,
      0.2857142857142857,
      0.39285714285714285,
      0.28,
      0.3333333333333333,
      0.1875,
      0.21428571428571427,
      0.20689655172413793,
      0.1,
      0.3181818181818182,
      0.21428571428571427,
      0.21739130434782608,
      0.34782608695652173,
      0.32,
      0.2857142857142857,
      0.391304347826087,
      0.35714285714285715,
      0.4782608695652174,
      0.2962962962962963,
      0.43478260869565216,
      0.3684210526315789,
      0.17857142857142858,
      0.08695652173913043,
      0.2,
      0.3181818181818182,
      0.1724137931034483,
      0.18518518518518517,
      0.24,
      0.17857142857142858,
      0.5,
      0.3333333333333333,
      0.20833333333333334,
      0.34615384615384615,
      0.35,
      0.5384615384615384,
      0.375,
      0.25,
      0.5217391304347826,
      0.5,
      0.17857142857142858,
      0.3076923076923077,
      0.3,
      0.45454545454545453,
      0.3,
      0.34782608695652173
    ],
    [
      0.15789473684210525,
      0,
      0.11764705882352941,
      0.19047619047619047,
      1,
      0.2,
      0.4,
      0.045454545454545456,
      0.23809523809523808,
      0.26666666666666666,
      0.5,
      0.13636363636363635,
      0.4,
      0.1,
      0.1111111111111111,
      0.23076923076923078,
      0.3125,
      0.6666666666666666,
      0.5,
      0.17647058823529413,
      0.2727272727272727,
      0.05555555555555555,
      0.13636363636363635,
      0.3125,
      0.2222222222222222,
      0.17647058823529413,
      0.08333333333333333,
      0.1111111111111111,
      0.09090909090909091,
      0.15,
      0.23076923076923078,
      0,
      0.11764705882352941,
      0.2,
      0.25,
      0.3076923076923077,
      0.09523809523809523,
      0.14285714285714285,
      0.1,
      0.16666666666666666,
      0.17391304347826086,
      0.3333333333333333,
      0.0625,
      0.2222222222222222,
      0.3333333333333333,
      0.1111111111111111,
      0.10526315789473684,
      0.13043478260869565,
      0.05555555555555555,
      0.08333333333333333,
      0.125
    ],
    [
      0.15789473684210525,
      0.08333333333333333,
      0.1875,
      0.13636363636363635,
      0.2,
      1,
      0.16666666666666666,
      0.15,
      0.13043478260869565,
      0.11764705882352941,
      0.15384615384615385,
      0.041666666666666664,
      0.10526315789473684,
      0.1,
      0.1111111111111111,
      0.23076923076923078,
      0.16666666666666666,
      0.25,
      0.2,
      0.25,
      0.5555555555555556,
      0.26666666666666666,
      0.08695652173913043,
      0.16666666666666666,
      0.15789473684210525,
      0.17647058823529413,
      0.18181818181818182,
      0.1111111111111111,
      0.09090909090909091,
      0.15,
      0.3333333333333333,
      0.10526315789473684,
      0.46153846153846156,
      0.2857142857142857,
      0.25,
      0.21428571428571427,
      0.15,
      0.23076923076923078,
      0.15789473684210525,
      0.4,
      0.17391304347826086,
      0.17647058823529413,
      0.3076923076923077,
      0.2222222222222222,
      0.17647058823529413,
      0.17647058823529413,
      0.10526315789473684,
      0.18181818181818182,
      0.11764705882352941,
      0.18181818181818182,
      0.2
    ],
    [
      0.19230769230769232,
      0.1,
      0.16666666666666666,
      0.25925925925925924,
      0.4,
      0.16666666666666666,
      1,
      0.18518518518518517,
      0.4,
      0.3333333333333333,
      0.4117647058823529,
      0.4166666666666667,
      0.6666666666666666,
      0.19230769230769232,
      0.45,
      0.3157894736842105,
      0.875,
      0.3333333333333333,
      0.42105263157894735,
      0.2608695652173913,
      0.21052631578947367,
      0.16666666666666666,
      0.25925925925925924,
      0.36363636363636365,
      0.47619047619047616,
      0.20833333333333334,
      0.15789473684210525,
      0.20833333333333334,
      0.10526315789473684,
      0.3333333333333333,
      0.19047619047619047,
      0.25,
      0.21739130434782608,
      0.2857142857142857,
      0.45,
      0.3684210526315789,
      0.28,
      0.19047619047619047,
      0.24,
      0.15,
      0.2857142857142857,
      0.5263157894736842,
      0.18181818181818182,
      0.24,
      0.38095238095238093,
      0.20833333333333334,
      0.25,
      0.34615384615384615,
      0.12,
      0.1,
      0.17391304347826086
    ],
    [
      0.17857142857142858,
      0.09090909090909091,
      0.2,
      0.2857142857142857,
      0.045454545454545456,
      0.15,
      0.18518518518518517,
      1,
      0.37037037037037035,
      0.2,
      0.13043478260869565,
      0.16129032258064516,
      0.14285714285714285,
      0.32,
      0.2916666666666667,
      0.22727272727272727,
      0.18518518518518517,
      0.13043478260869565,
      0.16,
      0.47619047619047616,
      0.19047619047619047,
      0.2,
      0.2857142857142857,
      0.3333333333333333,
      0.2222222222222222,
      0.19230769230769232,
      0.3333333333333333,
      0.19230769230769232,
      0.15,
      0.21428571428571427,
      0.22727272727272727,
      0.3333333333333333,
      0.42857142857142855,
      0.38095238095238093,
      0.2916666666666667,
      0.3333333333333333,
      0.4166666666666667,
      0.22727272727272727,
      0.5,
      0.25,
      0.3103448275862069,
      0.2916666666666667,
      0.3333333333333333,
      0.2222222222222222,
      0.2916666666666667,
      0.2916666666666667,
      0.23076923076923078,
      0.32142857142857145,
      0.36363636363636365,
      0.14285714285714285,
      0.16
    ],
    [
      0.2857142857142857,
      0.08,
      0.2222222222222222,
      0.39285714285714285,
      0.23809523809523808,
      0.13043478260869565,
      0.4,
      0.37037037037037035,
      1,
      0.32,
      0.38095238095238093,
      0.3,
      0.4,
      0.2413793103448276,
      0.25925925925925924,
      0.25,
      0.4,
      0.3181818181818182,
      0.391304347826087,
      0.25925925925925924,
      0.16666666666666666,
      0.2222222222222222,
      0.21875,
      0.4,
      0.2857142857142857,
      0.1724137931034483,
      0.2857142857142857,
      0.25925925925925924,
      0.08333333333333333,
      0.27586206896551724,
      0.25,
      0.34615384615384615,
      0.2222222222222222,
      0.18518518518518517,
      0.21428571428571427,
      0.47619047619047616,
      0.32142857142857145,
      0.2,
      0.2857142857142857,
      0.16666666666666666,
      0.36666666666666664,
      0.5454545454545454,
      0.2916666666666667,
      0.3333333333333333,
      0.4166666666666667,
      0.25925925925925924,
      0.2962962962962963,
      0.3333333333333333,
      0.375,
      0.17391304347826086,
      0.28
    ],
    [
      0.2608695652173913,
      0.1111111111111111,
      0.3,
      0.28,
      0.26666666666666666,
      0.11764705882352941,
      0.3333333333333333,
      0.2,
      0.32,
      1,
      0.29411764705882354,
      0.391304347826087,
      0.3333333333333333,
      0.07407407407407407,
      0.17391304347826086,
      0.4375,
      0.2727272727272727,
      0.375,
      0.47058823529411764,
      0.35,
      0.3125,
      0.13043478260869565,
      0.391304347826087,
      0.2727272727272727,
      0.38095238095238093,
      0.2857142857142857,
      0.3333333333333333,
      0.35,
      0.05555555555555555,
      0.42857142857142855,
      0.35294117647058826,
      0.2727272727272727,
      0.13043478260869565,
      0.25,
      0.42105263157894735,
      0.3333333333333333,
      0.36363636363636365,
      0.15,
      0.20833333333333334,
      0.3125,
      0.4166666666666667,
      0.35,
      0.2,
      0.45,
      0.2857142857142857,
      0.35,
      0.4,
      0.375,
      0.23809523809523808,
      0.17647058823529413,
      0.25
    ],
    [
      0.25,
      0,
      0.15789473684210525,
      0.3333333333333333,
      0.5,
      0.15384615384615385,
      0.4117647058823529,
      0.13043478260869565,
      0.38095238095238093,
      0.29411764705882354,
      1,
      0.21739130434782608,
      0.4117647058823529,
      0.13636363636363635,
      0.15,
      0.1875,
      0.4117647058823529,
      0.38461538461538464,
      0.5,
      0.21052631578947367,
      0.13333333333333333,
      0.15789473684210525,
      0.16666666666666666,
      0.3333333333333333,
      0.25,
      0.21052631578947367,
      0.23076923076923078,
      0.15,
      0.15384615384615385,
      0.13043478260869565,
      0.1875,
      0.09090909090909091,
      0.15789473684210525,
      0.16666666666666666,
      0.21052631578947367,
      0.42857142857142855,
      0.18181818181818182,
      0.1875,
      0.13636363636363635,
      0.13333333333333333,
      0.30434782608695654,
      0.35294117647058826,
      0.1111111111111111,
      0.25,
      0.35294117647058826,
      0.15,
      0.2,
      0.20833333333333334,
      0.2222222222222222,
      0.14285714285714285,
      0.23529411764705882
    ],
    [
      0.25,
      0.08333333333333333,
      0.23076923076923078,
      0.1875,
      0.13636363636363635,
      0.041666666666666664,
      0.4166666666666667,
      0.16129032258064516,
      0.3,
      0.391304347826087,
      0.21739130434782608,
      1,
      0.36,
      0.16666666666666666,
      0.375,
      0.16,
      0.36,
      0.16666666666666666,
      0.2916666666666667,
      0.2222222222222222,
      0.125,
      0.18518518518518517,
      0.35714285714285715,
      0.13333333333333333,
      0.4,
      0.32,
      0.13043478260869565,
      0.375,
      0.08695652173913043,
      0.3333333333333333,
      0.20833333333333334,
      0.3076923076923077,
      0.14285714285714285,
      0.19230769230769232,
      0.32,
      0.2,
      0.2857142857142857,
      0.07407407407407407,
      0.16666666666666666,
      0.17391304347826086,
      0.21212121212121213,
      0.2692307692307692,
      0.2,
      0.25,
      0.13793103448275862,
      0.2692307692307692,
      0.3076923076923077,
      0.3,
      0.18518518518518517,
      0.08333333333333333,
      0.14814814814814814
    ],
    [
      0.14814814814814814,
      0,
      0.12,
      0.21428571428571427,
      0.4,
      0.10526315789473684,
      0.6666666666666666,
      0.14285714285714285,
      0.4,
      0.3333333333333333,
      0.4117647058823529,
      0.36,
      1,
      0.14814814814814814,
      0.3181818181818182,
      0.19047619047619047,
      0.5789473684210527,
      0.3333333333333333,
      0.42105263157894735,
      0.20833333333333334,
      0.15,
      0.12,
      0.21428571428571427,
      0.30434782608695654,
      0.4090909090909091,
      0.16,
      0.1,
      0.16,
      0.10526315789473684,
      0.5238095238095238,
      0.13636363636363635,
      0.2,
      0.16666666666666666,
      0.22727272727272727,
      0.38095238095238093,
      0.3,
      0.23076923076923078,
      0.13636363636363635,
      0.19230769230769232,
      0.09523809523809523,
      0.2413793103448276,
      0.45,
      0.13043478260869565,
      0.19230769230769232,
      0.3181818181818182,
      0.16,
      0.2,
      0.2962962962962963,
      0.07692307692307693,
      0.047619047619047616,
      0.125
    ],
    [
      0.28,
      0.09523809523809523,
      0.3181818181818182,
      0.20689655172413793,
      0.1,
      0.1,
      0.19230769230769232,
      0.32,
      0.2413793103448276,
      0.07407407407407407,
      0.13636363636363635,
      0.16666666666666666,
      0.14814814814814814,
      1,
      0.30434782608695654,
      0.08333333333333333,
      0.19230769230769232,
      0.08695652173913043,
      0.07692307692307693,
      0.15384615384615385,
      0.09090909090909091,
      0.2608695652173913,
      0.25,
      0.19230769230769232,
      0.23076923076923078,
      0.30434782608695654,
      0.21052631578947367,
      0.25,
      0.1,
      0.1,
      0.18181818181818182,
      0.2916666666666667,
      0.45,
      0.16666666666666666,
      0.1111111111111111,
      0.17391304347826086,
      0.17857142857142858,
      0.13043478260869565,
      0.3333333333333333,
      0.14285714285714285,
      0.15625,
      0.2,
      0.17391304347826086,
      0.28,
      0.15384615384615385,
      0.25,
      0.24,
      0.2,
      0.16,
      0.15,
      0.21739130434782608
    ],
    [
      0.1111111111111111,
      0.05,
      0.08,
      0.1,
      0.1111111111111111,
      0.1111111111111111,
      0.45,
      0.2916666666666667,
      0.25925925925925924,
      0.17391304347826086,
      0.15,
      0.375,
      0.3181818181818182,
      0.30434782608695654,
      1,
      0.09090909090909091,
      0.45,
      0.09523809523809523,
      0.13043478260869565,
      0.12,
      0.1,
      0.125,
      0.2692307692307692,
      0.20833333333333334,
      0.30434782608695654,
      0.16666666666666666,
      0.10526315789473684,
      0.3333333333333333,
      0.1111111111111111,
      0.19230769230769232,
      0.14285714285714285,
      0.38095238095238093,
      0.35,
      0.13043478260869565,
      0.2727272727272727,
      0.13636363636363635,
      0.2916666666666667,
      0.14285714285714285,
      0.30434782608695654,
      0.1,
      0.20689655172413793,
      0.21739130434782608,
      0.19047619047619047,
      0.1111111111111111,
      0.16666666666666666,
      0.4,
      0.3181818181818182,
      0.3076923076923077,
      0.125,
      0.10526315789473684,
      0.13043478260869565
    ],
    [
      0.23809523809523808,
      0.3076923076923077,
      0.35294117647058826,
      0.3181818181818182,
      0.23076923076923078,
      0.23076923076923078,
      0.3157894736842105,
      0.22727272727272727,
      0.25,
      0.4375,
      0.1875,
      0.16,
      0.19047619047619047,
      0.08333333333333333,
      0.09090909090909091,
      1,
      0.3157894736842105,
      0.26666666666666666,
      0.375,
      0.4117647058823529,
      0.5,
      0.21052631578947367,
      0.2608695652173913,
      0.3888888888888889,
      0.23809523809523808,
      0.2631578947368421,
      0.4166666666666667,
      0.14285714285714285,
      0.06666666666666667,
      0.2857142857142857,
      0.42857142857142855,
      0.13636363636363635,
      0.15,
      0.375,
      0.3333333333333333,
      0.4,
      0.22727272727272727,
      0.25,
      0.3,
      0.38461538461538464,
      0.2916666666666667,
      0.4117647058823529,
      0.23529411764705882,
      0.4444444444444444,
      0.4117647058823529,
      0.14285714285714285,
      0.19047619047619047,
      0.30434782608695654,
      0.2777777777777778,
      0.21428571428571427,
      0.2222222222222222
    ],
    [
      0.19230769230769232,
      0.1,
      0.12,
      0.21428571428571427,
      0.3125,
      0.16666666666666666,
      0.875,
      0.18518518518518517,
      0.4,
      0.2727272727272727,
      0.4117647058823529,
      0.36,
      0.5789473684210527,
      0.19230769230769232,
      0.45,
      0.3157894736842105,
      1,
      0.2631578947368421,
      0.35,
      0.20833333333333334,
      0.15,
      0.16666666666666666,
      0.21428571428571427,
      0.30434782608695654,
      0.4090909090909091,
      0.16,
      0.15789473684210525,
      0.20833333333333334,
      0.10526315789473684,
      0.28,
      0.13636363636363635,
      0.25,
      0.21739130434782608,
      0.22727272727272727,
      0.38095238095238093,
      0.3,
      0.28,
      0.19047619047619047,
      0.24,
      0.09523809523809523,
      0.2857142857142857,
      0.45,
      0.18181818181818182,
      0.19230769230769232,
      0.3181818181818182,
      0.20833333333333334,
      0.25,
      0.34615384615384615,
      0.12,
      0.1,
      0.17391304347826086
    ],
    [
      0.19047619047619047,
      0.06666666666666667,
      0.1,
      0.21739130434782608,
      0.6666666666666666,
      0.25,
      0.3333333333333333,
      0.13043478260869565,
      0.3181818181818182,
      0.375,
      0.38461538461538464,
      0.16666666666666666,
      0.3333333333333333,
      0.08695652173913043,
      0.09523809523809523,
      0.26666666666666666,
      0.2631578947368421,
      1,
      0.75,
      0.21052631578947367,
      0.4166666666666667,
      0.1,
      0.16666666666666666,
      0.3333333333333333,
      0.19047619047619047,
      0.15,
      0.14285714285714285,
      0.15,
      0.07142857142857142,
      0.3,
      0.26666666666666666,
      0.09090909090909091,
      0.15789473684210525,
      0.23529411764705882,
      0.2777777777777778,
      0.25,
      0.13043478260869565,
      0.1875,
      0.19047619047619047,
      0.3076923076923077,
      0.2,
      0.4375,
      0.25,
      0.25,
      0.35294117647058826,
      0.21052631578947367,
      0.14285714285714285,
      0.20833333333333334,
      0.1,
      0.23076923076923078,
      0.16666666666666666
    ],
    [
      0.2727272727272727,
      0.11764705882352941,
      0.19047619047619047,
      0.34782608695652173,
      0.5,
      0.2,
      0.42105263157894735,
      0.16,
      0.391304347826087,
      0.47058823529411764,
      0.5,
      0.2916666666666667,
      0.42105263157894735,
      0.07692307692307693,
      0.13043478260869565,
      0.375,
      0.35,
      0.75,
      1,
      0.3,
      0.42857142857142855,
      0.19047619047619047,
      0.24,
      0.42105263157894735,
      0.2727272727272727,
      0.23809523809523808,
      0.1875,
      0.13043478260869565,
      0.058823529411764705,
      0.38095238095238093,
      0.29411764705882354,
      0.125,
      0.13636363636363635,
      0.3333333333333333,
      0.3684210526315789,
      0.35294117647058826,
      0.20833333333333334,
      0.15789473684210525,
      0.2727272727272727,
      0.3333333333333333,
      0.2692307692307692,
      0.5294117647058824,
      0.21052631578947367,
      0.3333333333333333,
      0.4444444444444444,
      0.18181818181818182,
      0.17391304347826086,
      0.28,
      0.13636363636363635,
      0.1875,
      0.2
    ],
    [
      0.2,
      0.10526315789473684,
      0.35,
      0.32,
      0.17647058823529413,
      0.25,
      0.2608695652173913,
      0.47619047619047616,
      0.25925925925925924,
      0.35,
      0.21052631578947367,
      0.2222222222222222,
      0.20833333333333334,
      0.15384615384615385,
      0.12,
      0.4117647058823529,
      0.20833333333333334,
      0.21052631578947367,
      0.3,
      1,
      0.375,
      0.22727272727272727,
      0.2222222222222222,
      0.2608695652173913,
      0.30434782608695654,
      0.2727272727272727,
      0.3125,
      0.16666666666666666,
      0.17647058823529413,
      0.34782608695652173,
      0.5,
      0.16,
      0.2857142857142857,
      0.7333333333333333,
      0.5555555555555556,
      0.3888888888888889,
      0.2916666666666667,
      0.3333333333333333,
      0.30434782608695654,
      0.375,
      0.2962962962962963,
      0.3333333333333333,
      0.25,
      0.36363636363636365,
      0.2727272727272727,
      0.21739130434782608,
      0.2608695652173913,
      0.25925925925925924,
      0.22727272727272727,
      0.16666666666666666,
      0.18181818181818182
    ],
    [
      0.2631578947368421,
      0.25,
      0.3125,
      0.2857142857142857,
      0.2727272727272727,
      0.5555555555555556,
      0.21052631578947367,
      0.19047619047619047,
      0.16666666666666666,
      0.3125,
      0.13333333333333333,
      0.125,
      0.15,
      0.09090909090909091,
      0.1,
      0.5,
      0.15,
      0.4166666666666667,
      0.42857142857142855,
      0.375,
      1,
      0.23529411764705882,
      0.22727272727272727,
      0.2777777777777778,
      0.2631578947368421,
      0.29411764705882354,
      0.25,
      0.1,
      0.07692307692307693,
      0.3157894736842105,
      0.5,
      0.15,
      0.3125,
      0.42857142857142855,
      0.375,
      0.26666666666666666,
      0.25,
      0.2857142857142857,
      0.2631578947368421,
      0.7777777777777778,
      0.2608695652173913,
      0.29411764705882354,
      0.35714285714285715,
      0.4117647058823529,
      0.29411764705882354,
      0.15789473684210525,
      0.09523809523809523,
      0.2727272727272727,
      0.16666666666666666,
      0.25,
      0.17647058823529413
    ],
    [
      0.45,
      0.1111111111111111,
      0.625,
      0.391304347826087,
      0.05555555555555555,
      0.26666666666666666,
      0.16666666666666666,
      0.2,
      0.2222222222222222,
      0.13043478260869565,
      0.15789473684210525,
      0.18518518518518517,
      0.12,
      0.2608695652173913,
      0.125,
      0.21052631578947367,
      0.16666666666666666,
      0.1,
      0.19047619047619047,
      0.22727272727272727,
      0.23529411764705882,
      1,
      0.28,
      0.2727272727272727,
      0.16,
      0.5,
      0.3333333333333333,
      0.2857142857142857,
      0.05555555555555555,
      0.1111111111111111,
      0.2777777777777778,
      0.16666666666666666,
      0.23809523809523808,
      0.25,
      0.17391304347826086,
      0.2631578947368421,
      0.15384615384615385,
      0.09523809523809523,
      0.3181818181818182,
      0.23529411764705882,
      0.21428571428571427,
      0.22727272727272727,
      0.3333333333333333,
      0.5263157894736842,
      0.2857142857142857,
      0.22727272727272727,
      0.2727272727272727,
      0.2222222222222222,
      0.3,
      0.17647058823529413,
      0.47058823529411764
    ],
    [
      0.4,
      0.18181818181818182,
      0.391304347826087,
      0.35714285714285715,
      0.13636363636363635,
      0.08695652173913043,
      0.25925925925925924,
      0.2857142857142857,
      0.21875,
      0.391304347826087,
      0.16666666666666666,
      0.35714285714285715,
      0.21428571428571427,
      0.25,
      0.2692307692307692,
      0.2608695652173913,
      0.21428571428571427,
      0.16666666666666666,
      0.24,
      0.2222222222222222,
      0.22727272727272727,
      0.28,
      1,
      0.4166666666666667,
      0.34615384615384615,
      0.5714285714285714,
      0.3,
      0.43478260869565216,
      0.041666666666666664,
      0.2413793103448276,
      0.2608695652173913,
      0.3076923076923077,
      0.23076923076923078,
      0.24,
      0.32,
      0.25,
      0.44,
      0.11538461538461539,
      0.34615384615384615,
      0.2857142857142857,
      0.42857142857142855,
      0.17857142857142858,
      0.15384615384615385,
      0.4583333333333333,
      0.375,
      0.375,
      0.36,
      0.3448275862068966,
      0.3333333333333333,
      0.18181818181818182,
      0.19230769230769232
    ],
    [
      0.24,
      0.1,
      0.2727272727272727,
      0.4782608695652174,
      0.3125,
      0.16666666666666666,
      0.36363636363636365,
      0.3333333333333333,
      0.4,
      0.2727272727272727,
      0.3333333333333333,
      0.13333333333333333,
      0.30434782608695654,
      0.19230769230769232,
      0.20833333333333334,
