{
  "date": "2026-07-07T03:31:39.099Z",
  "encoderContentHash": "40e8c8ba4c3d081c5051ea62d946d2ee9ee9f3205853b5c377a4c1e647e2d10c",
  "corpusPin": {
    "manifestSha256": "a9efbccdd9c7fe50f614d4687078584da603c5f07dce822cd323e0a5d7f4bdde",
    "conceptsSha256": "594021f66c2411825f9f09ec70319246419b94ac22d6032cd6007801fee9cea4",
    "conceptCount": 54
  },
  "source": "GloVe 6B 100d (Wikipedia 2014 + Gigaword 5, 400k vocab, PDDL), 51-word slice committed at inputs/glove-slice-100d.txt. DEVIATION note: pre-registration says \"word2vec cosine\"; GloVe cosine used as the small-footprint pretrained-embedding operationalisation (flagged in poc/e2/README.md).",
  "convention": "similarity (cosine, unit diagonal); item order = ids[]",
  "ids": [
    "urn:kernel-v0:afraid",
    "urn:kernel-v0:alive",
    "urn:kernel-v0:angry",
    "urn:kernel-v0:archived",
    "urn:kernel-v0:begin",
    "urn:kernel-v0:believe",
    "urn:kernel-v0:birth",
    "urn:kernel-v0:bookmark",
    "urn:kernel-v0:break",
    "urn:kernel-v0:broken",
    "urn:kernel-v0:cause",
    "urn:kernel-v0:celebration",
    "urn:kernel-v0:change",
    "urn:kernel-v0:condolence",
    "urn:kernel-v0:conversation",
    "urn:kernel-v0:dead",
    "urn:kernel-v0:death",
    "urn:kernel-v0:end",
    "urn:kernel-v0:event",
    "urn:kernel-v0:find",
    "urn:kernel-v0:forget",
    "urn:kernel-v0:friend",
    "urn:kernel-v0:gift",
    "urn:kernel-v0:give",
    "urn:kernel-v0:grieving",
    "urn:kernel-v0:happy",
    "urn:kernel-v0:help",
    "urn:kernel-v0:helpful",
    "urn:kernel-v0:inside",
    "urn:kernel-v0:kind",
    "urn:kernel-v0:learn",
    "urn:kernel-v0:liar",
    "urn:kernel-v0:lie",
    "urn:kernel-v0:lose",
    "urn:kernel-v0:lost",
    "urn:kernel-v0:make",
    "urn:kernel-v0:memory",
    "urn:kernel-v0:near",
    "urn:kernel-v0:promise",
    "urn:kernel-v0:remember",
    "urn:kernel-v0:reminder",
    "urn:kernel-v0:repair",
    "urn:kernel-v0:right",
    "urn:kernel-v0:sad",
    "urn:kernel-v0:take",
    "urn:kernel-v0:teacher",
    "urn:kernel-v0:thief",
    "urn:kernel-v0:trustworthy",
    "urn:kernel-v0:useful",
    "urn:kernel-v0:visible",
    "urn:kernel-v0:wrong"
  ],
  "words": [
    "afraid",
    "alive",
    "angry",
    "archived",
    "begin",
    "believe",
    "birth",
    "bookmark",
    "break",
    "broken",
    "cause",
    "celebration",
    "change",
    "condolence",
    "conversation",
    "dead",
    "death",
    "end",
    "event",
    "find",
    "forget",
    "friend",
    "gift",
    "give",
    "grieving",
    "happy",
    "help",
    "helpful",
    "inside",
    "kind",
    "learn",
    "liar",
    "lie",
    "lose",
    "lost",
    "make",
    "memory",
    "near",
    "promise",
    "remember",
    "reminder",
    "repair",
    "right",
    "sad",
    "take",
    "teacher",
    "thief",
    "trustworthy",
    "useful",
    "visible",
    "wrong"
  ],
  "similarity": [
    [
      1,
      0.5726405855567555,
      0.6036881502646989,
      -0.06285799424179697,
      0.4154737457364229,
      0.6909443141682138,
      0.2413073546209811,
      0.03048988422697281,
      0.3820584939482378,
      0.34574264737312854,
      0.46464952488096967,
      0.14828819096682216,
      0.45518311594808514,
      0.014724831415730253,
      0.3129696395440462,
      0.45441960015155136,
      0.38399558021533653,
      0.4036019379713946,
      0.23745003822917357,
      0.6408513701428821,
      0.6982650691624835,
      0.4293802519852581,
      0.2148635832337471,
      0.5125515374434567,
      0.3636221115175535,
      0.7285117667340396,
      0.4735027317323586,
      0.4089432648806137,
      0.38967079693734896,
      0.6307430318290806,
      0.6117838540858493,
      0.2647443428234643,
      0.43725250104930835,
      0.5867672731774386,
      0.41150190893220284,
      0.5709737627716787,
      0.2640029521838495,
      0.2750799437640122,
      0.4523480818739077,
      0.6816009790213375,
      0.3726086470893502,
      0.1961818587307401,
      0.5102185747714535,
      0.5887666110407116,
      0.5590697138666757,
      0.29067257715735173,
      0.2580468064557113,
      0.24580048213579878,
      0.31355858630272415,
      0.3003726208589355,
      0.6607216313015735
    ],
    [
      0.5726405855567555,
      1,
      0.32016302501932176,
      0.12596376537021972,
      0.42693988953400475,
      0.5803943540825593,
      0.42977611165530355,
      0.02749325659886802,
      0.45497615918355944,
      0.4644131313666757,
      0.42428382688430727,
      0.29891924032605116,
      0.36538376010027357,
      0.07920760686137913,
      0.31696713240172775,
      0.7103517659025372,
      0.5584520223378443,
      0.42371138441212064,
      0.35376550965618286,
      0.634339078391718,
      0.5212927037646743,
      0.47421743285752377,
      0.32392584102366834,
      0.46828264318638907,
      0.36947708959032144,
      0.6131155492186556,
      0.4774311080158723,
      0.27854079593674347,
      0.5574155992070877,
      0.49797799371370843,
      0.48471783324405404,
      0.0637510544563574,
      0.40614956178082223,
      0.5279357651320304,
      0.5612290769366363,
      0.482898808234783,
      0.38380710915690974,
      0.3915578567682134,
      0.4525692769656159,
      0.5695364331704417,
      0.35579367978070947,
      0.2310022924844184,
      0.4414535637419532,
      0.430161889596824,
      0.4957175929275758,
      0.2996317633890515,
      0.29203399613869957,
      0.17876913043160922,
      0.297428063761007,
      0.3518893447382848,
      0.45045393167726216
    ],
    [
      0.6036881502646989,
      0.32016302501932176,
      1,
      -0.08800205103744484,
      0.24517756709908284,
      0.4299049191633332,
      0.14692874136021386,
      -0.09650773840543748,
      0.379249690098659,
      0.3778634321868553,
      0.357716881676822,
      0.30656579458465283,
      0.35033682517804754,
      0.32326038234198723,
      0.43841366433773343,
      0.4886278469512376,
      0.4116728712886618,
      0.3827389816386168,
      0.2587066256030886,
      0.38856485547485703,
      0.401999016138255,
      0.41784267215076915,
      0.19796403962670112,
      0.41151924150428193,
      0.4806948283102238,
      0.5397664666283482,
      0.33767285619466353,
      0.2241811637885336,
      0.3873163230829077,
      0.48699134849999937,
      0.3327541673937098,
      0.2211221936346551,
      0.21747794585289748,
      0.34724057795461427,
      0.3841222858670345,
      0.3658799373311883,
      0.21196538493630188,
      0.2888233645331155,
      0.3379828024532195,
      0.4527368173684358,
      0.4108675762456945,
      0.10168245188083148,
      0.3732859952367113,
      0.5418166709371414,
      0.38265768673864553,
      0.24804884513930708,
      0.1893123687200916,
      0.08827033500713757,
      0.14130028648175966,
      0.23396994756710904,
      0.4479082349960899
    ],
    [
      -0.06285799424179697,
      0.12596376537021972,
      -0.08800205103744484,
      1,
      0.057460382557414105,
      -0.04253876515422198,
      0.048377110646573455,
      0.3166805423173143,
      -0.08487662717253062,
      0.0236412524943154,
      -0.06569004230965411,
      -0.0071624973314217254,
      -0.031016010745667448,
      0.15923470615229537,
      0.1297202717200779,
      -0.0013370788549097235,
      -0.01063519555542121,
      -0.0400529768614766,
      0.09700854866687661,
      0.10780888224807061,
      0.016853417183545855,
      -0.06107539432881648,
      0.10877735521397998,
      0.00807117574591883,
      0.04337128079312644,
      -0.021854670714289495,
      -0.0038137717159197866,
      0.17016495399523998,
      0.1148596204939925,
      -0.03813136044858279,
      0.06496586236186809,
      -0.06910527677264543,
      0.027803372900357715,
      -0.05537046363013534,
      0.017123610487036867,
      0.02335207920745889,
      0.22377070508660463,
      -0.08018030757437072,
      0.014283037133355693,
      0.01447648764152678,
      0.029705209199483787,
      0.025135971213666387,
      -0.050529045580272575,
      -0.01716673761063056,
      -0.02293680058884246,
      -0.05090344239222669,
      -0.10194505572050017,
      0.13210651063052112,
      0.25013898271000257,
      0.18010475537608137,
      -0.0020164121104607542
    ],
    [
      0.4154737457364229,
      0.42693988953400475,
      0.24517756709908284,
      0.057460382557414105,
      1,
      0.5437685093073962,
      0.38684475610943686,
      -0.05894021954616066,
      0.6075169968442338,
      0.3271973892658124,
      0.44002917108639283,
      0.39002119211902414,
      0.6209885390470292,
      0.028604957274857984,
      0.36438237563743947,
      0.37333097695399237,
      0.3802541250575496,
      0.7107307866911291,
      0.46274887974831547,
      0.6179150021618173,
      0.45243386254773005,
      0.23612939807372274,
      0.23415244962932705,
      0.5746202636202498,
      0.16616133186525225,
      0.47380265235995345,
      0.6110993654377725,
      0.2768822653196944,
      0.3917994586121656,
      0.4928795454517125,
      0.5561451842700351,
      -0.12429406891253646,
      0.32160313365697574,
      0.5073731803860639,
      0.368788626603126,
      0.6880771573319565,
      0.29952425110125985,
      0.3954386963919326,
      0.5629597642215173,
      0.492725167286866,
      0.2523356992160856,
      0.41345230131442645,
      0.44527998972323146,
      0.23749492865952962,
      0.7429978587813916,
      0.2750383360510998,
      -0.003198997264556707,
      -0.05627049266017253,
      0.3894465257861145,
      0.31064549997635355,
      0.3633815470669542
    ],
    [
      0.6909443141682138,
      0.5803943540825593,
      0.4299049191633332,
      -0.04253876515422198,
      0.5437685093073962,
      1,
      0.3858242020001606,
      -0.027814530493646634,
      0.5168318425361159,
      0.40738319460789263,
      0.6050412407909845,
      0.27221121517897595,
      0.6730285569737968,
      -0.002639494913775094,
      0.405944914802455,
      0.48895954084311566,
      0.4871914447620006,
      0.561857378676479,
      0.4033932767311088,
      0.7439749828544449,
      0.6054300242961422,
      0.46211901166051916,
      0.3128275031384842,
      0.6949772277215664,
      0.1968094511419705,
      0.6372218134441292,
      0.6344157432126408,
      0.4660754085676666,
      0.48490744469688013,
      0.7244895976587012,
      0.6601622703125419,
      0.15686173570222703,
      0.48078002739545134,
      0.6181633875244062,
      0.4992664052101958,
      0.7305131424447069,
      0.34581129270764227,
      0.37680077358993447,
      0.6100301655547737,
      0.6638207042522902,
      0.4241630876598994,
      0.2814667086444458,
      0.6198143383139442,
      0.39278578513005596,
      0.6860639707015531,
      0.3106450743822024,
      0.1428666406802283,
      0.27532302507739886,
      0.4787600363677803,
      0.4074835951105266,
      0.7121434874530456
    ],
    [
      0.2413073546209811,
      0.42977611165530355,
      0.14692874136021386,
      0.048377110646573455,
      0.38684475610943686,
      0.3858242020001606,
      1,
      -0.11263596910642565,
      0.35336899150183343,
      0.3260218829402157,
      0.4871693966037726,
      0.4089161702008234,
      0.4102767701357241,
      0.10100248806205686,
      0.22298151070100933,
      0.4653919796572274,
      0.6709490386429751,
      0.4155835157660343,
      0.36785248663658143,
      0.4119797174761781,
      0.2642470001519453,
      0.4237357368355039,
      0.4203707851038859,
      0.378127044138707,
      0.3006544582505732,
      0.3376510764691109,
      0.35872271716585463,
      0.15347024365871387,
      0.26169676261251856,
      0.3598099319019196,
      0.3540104295795225,
      -0.024272582781719017,
      0.1733967387757939,
      0.2949413816343825,
      0.3633663771753925,
      0.37899888745459775,
      0.43341352200928535,
      0.34679205310880973,
      0.41016831909277374,
      0.40228876084625104,
      0.23474093500737625,
      0.21939279882495083,
      0.3614444776494283,
      0.2016066550151644,
      0.41223525522693993,
      0.4319830760273169,
      0.09527880080232765,
      0.005694051736953642,
      0.23912188585731023,
      0.3026029580342646,
      0.314530885380068
    ],
    [
      0.03048988422697281,
      0.02749325659886802,
      -0.09650773840543748,
      0.3166805423173143,
      -0.05894021954616066,
      -0.027814530493646634,
      -0.11263596910642565,
      1,
      -0.02843650896512522,
      -0.021118645854461267,
      -0.018599113869301492,
      0.03259115408633334,
      -0.023287005415057595,
      0.17890183801767823,
      0.04319401290355111,
      -0.0686025946241423,
      -0.14023382095732495,
      -0.06813082918191908,
      -0.0017242902897872234,
      0.16583821483884015,
      0.20012092904117468,
      0.059762998250981254,
      0.20619068696622148,
      0.02379108540403903,
      0.10395109092418042,
      0.06263126672553206,
      0.04885613958146717,
      0.2731473886420927,
      0.00336169377461798,
      0.025263432581690382,
      0.08484825764986592,
      0.10618717896858004,
      0.07118874524212417,
      0.022101615972351597,
      -0.10787695031754954,
      0.03765016128079947,
      0.16600916211446212,
      -0.13842033040695187,
      0.01819597099298264,
      0.1711431792131206,
      0.16038629413051209,
      0.15783310015510077,
      0.026053126606190514,
      0.06115340213320169,
      -0.017819099968268165,
      -0.11712637933766822,
      0.1240166861181943,
      0.20445415348729912,
      0.2153538609291131,
      0.08880432812246207,
      0.03658361400037309
    ],
    [
      0.3820584939482378,
      0.45497615918355944,
      0.379249690098659,
      -0.08487662717253062,
      0.6075169968442338,
      0.5168318425361159,
      0.35336899150183343,
      -0.02843650896512522,
      1,
      0.6148675660248337,
      0.46941930799750214,
      0.41310165251052766,
      0.5849437081586082,
      0.040151161022547295,
      0.43203605971988834,
      0.4040786835381618,
      0.4254613381997442,
      0.7371282874961155,
      0.513560044346468,
      0.5997373542000654,
      0.5319905856643915,
      0.39553682006716573,
      0.34965018546718,
      0.6751210611742814,
      0.08428102529754658,
      0.5007232047528151,
      0.597729273743331,
      0.18071224975934533,
      0.5599892866379772,
      0.5815895187740626,
      0.4619385522637958,
      0.06678582954838336,
      0.33315659864323316,
      0.6491256122974148,
      0.6005139027579167,
      0.6802211759824869,
      0.32746606870366984,
      0.42291992884018037,
      0.5515979559917312,
      0.5048600943323308,
      0.3119064984601015,
      0.3850525051409592,
      0.6187284012231693,
      0.2369054499586311,
      0.7188322305944977,
      0.32512366775028617,
      0.23358371245807097,
      -0.05914895602696982,
      0.31287313222067403,
      0.2716082953256118,
      0.42940677952647527
    ],
    [
      0.34574264737312854,
      0.4644131313666757,
      0.3778634321868553,
      0.0236412524943154,
      0.3271973892658124,
      0.40738319460789263,
      0.3260218829402157,
      -0.021118645854461267,
      0.6148675660248337,
      1,
      0.5074180309515127,
      0.2102112415085067,
      0.40121465280270946,
      0.077484524010943,
      0.32973213978783744,
      0.5499788722677713,
      0.4546207920150639,
      0.5456741544979885,
      0.32760490994759583,
      0.43050417851885836,
      0.3781959219782102,
      0.36927614771866063,
      0.260585854806546,
      0.3822752355650542,
      0.17869499303607164,
      0.37562161361630475,
      0.35894766352971635,
      0.12784761966239097,
      0.6130147421722241,
      0.48452972958060114,
      0.26590615896090425,
      0.1504343657321216,
      0.3733672459777792,
      0.4341094829651279,
      0.5417159404122309,
      0.4337803993724039,
      0.41435907216508316,
      0.42602465242539567,
      0.3833783534352773,
      0.40463229256852146,
      0.2908051643278608,
      0.5693371101756975,
      0.6294501587047407,
      0.29350172962543086,
      0.42411283987467063,
      0.20468008269735244,
      0.22819317406368242,
      0.017075067319904526,
      0.22172993013591893,
      0.4431524168246176,
      0.44756779473953895
    ],
    [
      0.46464952488096967,
      0.42428382688430727,
      0.357716881676822,
      -0.06569004230965411,
      0.44002917108639283,
      0.6050412407909845,
      0.4871693966037726,
      -0.018599113869301492,
      0.46941930799750214,
      0.5074180309515127,
      1,
      0.253989317543373,
      0.6287856826246504,
      0.09364760231515225,
      0.2990220298686713,
      0.49136853129304275,
      0.6160452640030761,
      0.45293788943764945,
      0.4172025359979741,
      0.5466353262167474,
      0.3674929820321532,
      0.29864436263263805,
      0.22112933351091774,
      0.5198256126121042,
      0.17674586678900606,
      0.3227621447465253,
      0.5569348136884035,
      0.38119824179528533,
      0.40052018330925704,
      0.568456242201926,
      0.39716107534984324,
      0.05544627311847871,
      0.3676185230908075,
      0.5173593364778318,
      0.434676806447068,
      0.5686680469836088,
      0.4197586477790076,
      0.39159027070889474,
      0.465874219382501,
      0.38781372770088807,
      0.41053857488844936,
      0.43806982243531706,
      0.5377814351091066,
      0.28041656042281377,
      0.5343814728946806,
      0.20336683562730412,
      0.11449589579641109,
      0.05607717285714127,
      0.4482126817143828,
      0.5036719822618431,
      0.500444610314781
    ],
    [
      0.14828819096682216,
      0.29891924032605116,
      0.30656579458465283,
      -0.0071624973314217254,
      0.39002119211902414,
      0.27221121517897595,
      0.4089161702008234,
      0.03259115408633334,
      0.41310165251052766,
      0.2102112415085067,
      0.253989317543373,
      1,
      0.3618764073879852,
      0.23406303168178663,
      0.3302886401831735,
      0.3352478915915131,
      0.35825071903314987,
      0.46765667804772115,
      0.6268759526231827,
      0.2269013719092967,
      0.3361262360215084,
      0.2391810219621722,
      0.5412486251311978,
      0.31766342612284254,
      0.2913623453256823,
      0.46411220467835906,
      0.24918228787764105,
      0.0548330309732679,
      0.275083967036738,
      0.46062432057645497,
      0.2584924511364906,
      -0.05573895043173993,
      0.0417640994889574,
      0.17688692476717072,
      0.2162817921261713,
      0.3394331420980098,
      0.3216939962331696,
      0.324760138662043,
      0.4020845182374259,
      0.44601304320295077,
      0.3710719738572982,
      0.08095698331332878,
      0.28378816046975036,
      0.32041865541275716,
      0.36572731026787525,
      0.23159117943691288,
      0.09675265315379465,
      -0.1351378211309036,
      0.09984456799552473,
      0.28501062419576134,
      0.17922853945971703
    ],
    [
      0.45518311594808514,
      0.36538376010027357,
      0.35033682517804754,
      -0.031016010745667448,
      0.6209885390470292,
      0.6730285569737968,
      0.4102767701357241,
      -0.023287005415057595,
      0.5849437081586082,
      0.40121465280270946,
      0.6287856826246504,
      0.3618764073879852,
      1,
      -0.0035052311669809366,
      0.4098716737610169,
      0.3432596292157644,
      0.45966746132729774,
      0.6777229477307769,
      0.5192797521015893,
      0.6455378475160237,
      0.49317427791239216,
      0.3502286502946818,
      0.3551239945696102,
      0.6798908660397938,
      0.087749222475948,
      0.5360571327625508,
      0.6513698274550642,
      0.4293187468592603,
      0.435509338550252,
      0.7172798814484413,
      0.5660911897990801,
      0.015093904396627425,
      0.35854821630443856,
      0.6018211767665805,
      0.4459644151876534,
      0.7410664778608409,
      0.38228125321536566,
      0.33365208679869895,
      0.5998965262375817,
      0.5149980008036682,
      0.4308049069090542,
      0.3739718089282378,
      0.6545643607642871,
      0.3045033353852593,
      0.747068646574407,
      0.3128291976542706,
      0.035815120977671464,
      0.07615142027485987,
      0.5101032222257832,
      0.49115073454111363,
      0.613307835325328
    ],
    [
      0.014724831415730253,
      0.07920760686137913,
      0.32326038234198723,
      0.15923470615229537,
      0.028604957274857984,
      -0.002639494913775094,
      0.10100248806205686,
      0.17890183801767823,
      0.040151161022547295,
      0.077484524010943,
      0.09364760231515225,
      0.23406303168178663,
      -0.0035052311669809366,
      1,
      0.3596339055033081,
      0.15205035210505874,
      0.1922086601916806,
      0.06655809497717319,
      0.007451899431742605,
      0.11894944152122847,
      0.14403050421538885,
      0.2359799288172648,
      0.41903571936661704,
      0.1614844247802792,
      0.42196275671531297,
      0.10503685591358902,
      0.18809607072308943,
      0.17422924164775908,
      0.11064876851724645,
      0.06551296811933482,
      0.09867446784904609,
      0.12497627665509334,
      0.08200517499825667,
      -0.05810150946720523,
      -0.003588852371101272,
      0.07902456704614079,
      0.2514207817495274,
      0.015033517022048215,
      0.26611471041684126,
      0.17037317865178692,
      0.247926666065243,
      0.05424968944488503,
      0.0271561613258572,
      0.200216418289777,
      0.06255225136475286,
      0.08397073064461778,
      0.07123839065020166,
      0.012912558358188778,
      0.04389278354296788,
      -0.020670925830481596,
      0.061800910095353885
    ],
    [
      0.3129696395440462,
      0.31696713240172775,
      0.43841366433773343,
      0.1297202717200779,
      0.36438237563743947,
      0.405944914802455,
      0.22298151070100933,
      0.04319401290355111,
      0.43203605971988834,
      0.32973213978783744,
      0.2990220298686713,
      0.3302886401831735,
      0.4098716737610169,
      0.3596339055033081,
      1,
      0.2646497444446386,
      0.28859046666020144,
      0.40938370580983857,
      0.330038594101171,
      0.44896258780217063,
      0.37724795634739033,
      0.568512006154604,
      0.30068425792610054,
      0.4136797366324863,
      0.21811889275607363,
      0.4487060690298541,
      0.3323659385130488,
      0.4547201661780044,
      0.41340188642102993,
      0.5236590522178766,
      0.4312910029933722,
      0.22929731914294488,
      0.32115216059395324,
      0.22188696080789433,
      0.23995322592366888,
      0.3995758329909142,
      0.3238354283908756,
      0.2542440738419884,
      0.3496073750046548,
      0.48017909795237534,
      0.32654961318977827,
      0.16374956605659788,
      0.3513075536823296,
      0.3558136066074339,
      0.3794371629266489,
      0.3289435107780172,
      0.2244283346968433,
      0.24047824781112848,
      0.40421802865284334,
      0.25278986441951523,
      0.4169942433167187
    ],
    [
      0.45441960015155136,
      0.7103517659025372,
      0.4886278469512376,
      -0.0013370788549097235,
      0.37333097695399237,
      0.48895954084311566,
      0.4653919796572274,
      -0.0686025946241423,
      0.4040786835381618,
      0.5499788722677713,
      0.49136853129304275,
      0.3352478915915131,
      0.3432596292157644,
      0.15205035210505874,
      0.2646497444446386,
      1,
      0.7103111018894729,
      0.4627905555381173,
      0.34409082758891046,
      0.5124994217791147,
      0.36810604279641007,
      0.48041829240088346,
      0.26715648534767256,
      0.37032641411375417,
      0.4087575123211043,
      0.4574752448716941,
      0.42098780913570005,
      0.12890536894934035,
      0.5688992732750772,
      0.4269462471408719,
      0.3317263317916474,
      0.07340619398406252,
      0.3828504687652993,
      0.3519825045946879,
      0.4859957653465902,
      0.40065491496597516,
      0.3544517227720594,
      0.5871618817699197,
      0.30455053818390015,
      0.4830605784165853,
      0.35905496613381827,
      0.28448005686219824,
      0.4224786969100574,
      0.4033236585465873,
      0.4616593803116863,
      0.3413604757479318,
      0.30852806373954145,
      0.04922050593942605,
      0.18538941369842038,
      0.3880857712763048,
      0.44176971645025015
    ],
    [
      0.38399558021533653,
      0.5584520223378443,
      0.4116728712886618,
      -0.01063519555542121,
      0.3802541250575496,
      0.4871914447620006,
      0.6709490386429751,
      -0.14023382095732495,
      0.4254613381997442,
      0.4546207920150639,
      0.6160452640030761,
      0.35825071903314987,
      0.45966746132729774,
      0.1922086601916806,
      0.28859046666020144,
      0.7103111018894729,
      1,
      0.5170877267970945,
      0.3704195531019137,
      0.44611208437347843,
      0.3645092407226455,
      0.536019872083376,
      0.3122554721859818,
      0.4087210279746391,
      0.28872343939909256,
      0.3606835993088798,
      0.41293375658887727,
      0.1177254351869149,
      0.4043062982917029,
      0.45182597960483584,
      0.3237262327174627,
      0.15850469776993664,
      0.291820980701642,
      0.35884231238225994,
      0.4717966777914412,
      0.4190794815284058,
      0.4277660829560081,
      0.459809945340499,
      0.389531918390139,
      0.43845068673144316,
      0.3966446068247092,
      0.20598930291899875,
      0.43374362063325805,
      0.3537581146267564,
      0.48794248723556877,
      0.4483636533743497,
      0.303741204782821,
      -0.04082570515211924,
      0.1782572045599004,
      0.28283039512068564,
      0.4420291205407092
    ],
    [
      0.4036019379713946,
      0.42371138441212064,
      0.3827389816386168,
      -0.0400529768614766,
      0.7107307866911291,
      0.561857378676479,
      0.4155835157660343,
      -0.06813082918191908,
      0.7371282874961155,
      0.5456741544979885,
      0.45293788943764945,
      0.46765667804772115,
      0.6777229477307769,
      0.06655809497717319,
      0.40938370580983857,
      0.4627905555381173,
      0.5170877267970945,
      1,
      0.525741799473986,
      0.6045489499141943,
      0.5049442144816395,
      0.3971476895017968,
      0.36199598600538174,
      0.6301799662682531,
      0.10102952413197222,
      0.5404606136131583,
      0.6081320213985625,
      0.2210606474296796,
      0.5410808863870182,
      0.6129115187523337,
      0.4203022901851983,
      0.06616717789246515,
      0.34859924608348813,
      0.5714856262161934,
      0.6014180145254334,
      0.7201918468861641,
      0.42302241445298666,
      0.5464204638983622,
      0.5877222977636603,
      0.5241072163318938,
      0.4060735232859596,
      0.4151275189486988,
      0.6681307127679499,
      0.35611269425145686,
      0.7407846876862457,
      0.29680067873857063,
      0.1702870382036761,
      -0.02506641235604145,
      0.3350700938723361,
      0.40237047732304,
      0.49462451296021026
    ],
    [
      0.23745003822917357,
      0.35376550965618286,
      0.2587066256030886,
      0.09700854866687661,
      0.46274887974831547,
      0.4033932767311088,
      0.36785248663658143,
      -0.0017242902897872234,
      0.513560044346468,
      0.32760490994759583,
      0.4172025359979741,
      0.6268759526231827,
      0.5192797521015893,
      0.007451899431742605,
      0.330038594101171,
      0.34409082758891046,
      0.3704195531019137,
      0.525741799473986,
      1,
      0.3948892307411922,
      0.3651760199203847,
      0.3105940650810111,
      0.37835552519552745,
      0.43232461571710834,
      0.12938379482830797,
      0.45861372375750753,
      0.41319628558588256,
      0.16684508131713835,
      0.36098757587388186,
      0.5206561926938004,
      0.3475091322019046,
      0.05149757175541315,
      0.2601934494715178,
      0.39385811575775825,
      0.4435554696841578,
      0.47552540318012304,
      0.3922263117492212,
      0.3709855780869568,
      0.3657456531391816,
      0.41935457671369375,
      0.32926552469260334,
      0.249020927475639,
      0.39742989217357916,
      0.26859385748912695,
      0.536893105488812,
      0.2726889809177894,
      0.05912529548568117,
      -0.07138650517695737,
      0.2980410281688232,
      0.3567132613627731,
      0.34659005099038326
    ],
    [
      0.6408513701428821,
      0.634339078391718,
      0.38856485547485703,
      0.10780888224807061,
      0.6179150021618173,
      0.7439749828544449,
      0.4119797174761781,
      0.16583821483884015,
      0.5997373542000654,
      0.43050417851885836,
      0.5466353262167474,
      0.2269013719092967,
      0.6455378475160237,
      0.11894944152122847,
      0.44896258780217063,
      0.5124994217791147,
      0.44611208437347843,
      0.6045489499141943,
      0.3948892307411922,
      1,
      0.6508498122133345,
      0.5812232537567542,
      0.4663323666177518,
      0.7619560152562532,
      0.2751492779928097,
      0.6631983544392733,
      0.7934252864941503,
      0.5786818677833956,
      0.5878965773396082,
      0.7300354264880308,
      0.7562314438740682,
      0.1437613274028245,
      0.5257396578876976,
      0.6416475000902999,
      0.5356829317897078,
      0.8127458209150131,
      0.42696042621234775,
      0.44465735039809023,
      0.6015366591920793,
      0.6545568893580564,
      0.44044521767730827,
      0.4439147240070272,
      0.6113902588902611,
      0.3807133990891386,
      0.8020866147657284,
      0.39298163490911003,
      0.29945463054333815,
      0.2913514331642398,
      0.635315128568009,
      0.4342550799156425,
      0.6697704250158356
    ],
    [
      0.6982650691624835,
      0.5212927037646743,
      0.401999016138255,
      0.016853417183545855,
      0.45243386254773005,
      0.6054300242961422,
      0.2642470001519453,
      0.20012092904117468,
      0.5319905856643915,
      0.3781959219782102,
      0.3674929820321532,
      0.3361262360215084,
      0.49317427791239216,
      0.14403050421538885,
      0.37724795634739033,
      0.36810604279641007,
      0.3645092407226455,
      0.5049442144816395,
      0.3651760199203847,
      0.6508498122133345,
      1,
      0.4572404242383802,
      0.4161758476799367,
      0.5823102172078618,
      0.30653157000319736,
      0.6964199788534138,
      0.5179310596613913,
      0.34235622427492324,
      0.34851544212715846,
      0.6307418986347264,
      0.7063491252036713,
      0.23015252540133502,
      0.4198195037324701,
      0.6677765143964532,
      0.4906734040284098,
      0.6378814524253835,
      0.4154699947363868,
      0.17738414401453378,
      0.5140150304008195,
      0.8581844698894054,
      0.46345120664104106,
      0.256783949167854,
      0.5115655965564817,
      0.5792660050223133,
      0.6046419942001217,
      0.2616317202901745,
      0.23485342503275453,
      0.13585885473341947,
      0.29556454134817,
      0.20547626424703522,
      0.6049730790416852
    ],
    [
      0.4293802519852581,
      0.47421743285752377,
      0.41784267215076915,
      -0.06107539432881648,
      0.23612939807372274,
      0.46211901166051916,
      0.4237357368355039,
      0.059762998250981254,
      0.39553682006716573,
      0.36927614771866063,
      0.29864436263263805,
      0.2391810219621722,
      0.3502286502946818,
      0.2359799288172648,
      0.568512006154604,
      0.48041829240088346,
      0.536019872083376,
      0.3971476895017968,
      0.3105940650810111,
      0.5812232537567542,
      0.4572404242383802,
      1,
      0.47752694676059243,
      0.4697371376920837,
      0.32555060296271005,
      0.5340749134013398,
      0.5035799060826986,
      0.35528238606108864,
      0.40314516861081534,
      0.5100115970106845,
      0.4487380817377143,
      0.28724275114947284,
      0.30720843182932933,
      0.34210257314100184,
      0.45535272694958867,
      0.43513746039873397,
      0.3672986063614757,
      0.36059666506053534,
      0.3814721594051351,
      0.5626581621458979,
      0.26836106475242005,
      0.21589542929797867,
      0.48116200402717735,
      0.3364204902813951,
      0.4517858315837836,
      0.6085852853114153,
      0.39962159025536564,
      0.27794244772656534,
      0.27630809212000307,
      0.15552074550901035,
      0.4783862601415735
    ],
    [
      0.2148635832337471,
      0.32392584102366834,
      0.19796403962670112,
      0.10877735521397998,
      0.23415244962932705,
      0.3128275031384842,
      0.4203707851038859,
      0.20619068696622148,
      0.34965018546718,
      0.260585854806546,
      0.22112933351091774,
      0.5412486251311978,
      0.3551239945696102,
      0.41903571936661704,
      0.30068425792610054,
      0.26715648534767256,
      0.3122554721859818,
      0.36199598600538174,
      0.37835552519552745,
      0.4663323666177518,
      0.4161758476799367,
      0.47752694676059243,
      1,
      0.5010140265689683,
      0.22385332442954017,
      0.44698322091846565,
      0.3980383148598456,
      0.3444105884843871,
      0.34554194820202117,
      0.5281748661236829,
      0.29987652079062677,
      0.14821055694647772,
      0.14746767033864217,
      0.3188770622201678,
      0.2996313596682436,
      0.45646281572712827,
      0.42196011671572586,
      0.18251587386953247,
      0.5152484436510051,
      0.45444541190460525,
      0.3427218489952618,
      0.23519030570538116,
      0.3994346880946596,
      0.2111842197657966,
      0.4170777035307221,
      0.3304072279953459,
      0.2925748047730496,
      0.12823266272311076,
      0.3523517174268101,
      0.21553029992678938,
      0.3664704103257467
    ],
    [
      0.5125515374434567,
      0.46828264318638907,
      0.41151924150428193,
      0.00807117574591883,
      0.5746202636202498,
      0.6949772277215664,
      0.378127044138707,
      0.02379108540403903,
      0.6751210611742814,
      0.3822752355650542,
      0.5198256126121042,
      0.31766342612284254,
      0.6798908660397938,
      0.1614844247802792,
      0.4136797366324863,
      0.37032641411375417,
      0.4087210279746391,
      0.6301799662682531,
      0.43232461571710834,
      0.7619560152562532,
      0.5823102172078618,
      0.4697371376920837,
      0.5010140265689683,
      1,
      0.17257751374583208,
      0.6053880216863222,
      0.797601692050131,
      0.4647086510299483,
      0.5042393850601631,
      0.6772840253661646,
      0.631845399351698,
      0.08742507971662981,
      0.38481031803366506,
      0.7197717866358868,
      0.5587034987607244,
      0.8703436321219036,
      0.36212011372621966,
      0.33889009998859887,
      0.7203228962153411,
      0.5592412102264935,
      0.38844462865202495,
      0.3661325689046864,
      0.7068691626354522,
      0.3125312145226116,
      0.880770843207002,
      0.3503678332832806,
      0.15263161300843753,
      0.19464659361714223,
      0.5256289720406866,
      0.34699562469317896,
      0.5964928587686454
    ],
    [
      0.3636221115175535,
      0.36947708959032144,
      0.4806948283102238,
      0.04337128079312644,
      0.16616133186525225,
      0.1968094511419705,
      0.3006544582505732,
      0.10395109092418042,
      0.08428102529754658,
      0.17869499303607164,
      0.17674586678900606,
      0.2913623453256823,
      0.087749222475948,
      0.42196275671531297,
      0.21811889275607363,
      0.4087575123211043,
      0.28872343939909256,
      0.10102952413197222,
      0.12938379482830797,
      0.2751492779928097,
      0.30653157000319736,
      0.32555060296271005,
      0.22385332442954017,
      0.17257751374583208,
      1,
      0.4003881081174104,
      0.2926975068242688,
      0.1896984078332416,
      0.17492072270989842,
      0.20501372278766558,
      0.3031873733489512,
      -0.028524567118983206,
      0.1945545231344761,
      0.15714759930640013,
      0.1944538595103646,
      0.11815116465781651,
      0.3251918322069454,
      0.11281572345215916,
      0.1600700427042349,
      0.39643034216050355,
      0.3700401095904121,
      0.22675915341073524,
      0.12041491006358686,
      0.46595643133601655,
      0.14102741432986782,
      0.19794592086675084,
      0.011233940830865773,
      0.10808602854509027,
      0.040594654083351646,
      0.11009828373474008,
      0.1690873895181927
    ],
    [
      0.7285117667340396,
      0.6131155492186556,
      0.5397664666283482,
      -0.021854670714289495,
      0.47380265235995345,
      0.6372218134441292,
      0.3376510764691109,
      0.06263126672553206,
      0.5007232047528151,
      0.37562161361630475,
      0.3227621447465253,
      0.46411220467835906,
      0.5360571327625508,
      0.10503685591358902,
      0.4487060690298541,
      0.4574752448716941,
      0.3606835993088798,
      0.5404606136131583,
      0.45861372375750753,
      0.6631983544392733,
      0.6964199788534138,
      0.5340749134013398,
      0.44698322091846565,
      0.6053880216863222,
      0.4003881081174104,
      1,
      0.4974411224329514,
      0.4639824194137433,
      0.39177156397721324,
      0.7172097476917759,
      0.6048709060489169,
      0.21569909713377824,
      0.3515190257882577,
      0.5920437112199373,
      0.48598877012862196,
      0.6572814324670325,
      0.3733578182795199,
      0.29409253479907227,
      0.5282822277446931,
      0.7496553072305873,
      0.40935829030543436,
      0.18654414936007996,
      0.5478826920865016,
      0.680113613891868,
      0.6244663991077829,
      0.31932515684410184,
      0.2102995660327205,
      0.26850147987518025,
      0.3994146416222521,
      0.28833528656299556,
      0.6028029835689008
    ],
    [
      0.4735027317323586,
      0.4774311080158723,
      0.33767285619466353,
      -0.0038137717159197866,
      0.6110993654377725,
      0.6344157432126408,
      0.35872271716585463,
      0.04885613958146717,
      0.597729273743331,
      0.35894766352971635,
      0.5569348136884035,
      0.24918228787764105,
      0.6513698274550642,
      0.18809607072308943,
      0.3323659385130488,
      0.42098780913570005,
      0.41293375658887727,
      0.6081320213985625,
      0.41319628558588256,
      0.7934252864941503,
      0.5179310596613913,
      0.5035799060826986,
      0.3980383148598456,
      0.797601692050131,
      0.2926975068242688,
      0.4974411224329514,
      1,
      0.5135606562691297,
      0.4837127119903348,
      0.5996294582151603,
      0.6859976581828843,
      0.017026629778857414,
      0.35136965143135496,
      0.5830682341711461,
      0.49161552782756257,
      0.802218118332641,
      0.40314500672921727,
      0.3895117572500275,
      0.6397727351158502,
      0.5197758374089817,
      0.36285127144459467,
      0.5474168604416476,
      0.5610581775244217,
      0.23084195926515835,
      0.7915428113586049,
      0.39112044461877776,
      0.14928915722225605,
      0.1526786834648264,
      0.5067792880432108,
      0.29198558460600627,
      0.4747207767218264
    ],
    [
      0.4089432648806137,
      0.27854079593674347,
      0.2241811637885336,
      0.17016495399523998,
      0.2768822653196944,
      0.4660754085676666,
      0.15347024365871387,
      0.2731473886420927,
      0.18071224975934533,
      0.12784761966239097,
      0.38119824179528533,
      0.0548330309732679,
      0.4293187468592603,
      0.17422924164775908,
      0.4547201661780044,
      0.12890536894934035,
      0.1177254351869149,
      0.2210606474296796,
      0.16684508131713835,
      0.5786818677833956,
      0.34235622427492324,
      0.35528238606108864,
      0.3444105884843871,
      0.4647086510299483,
      0.1896984078332416,
      0.4639824194137433,
