{
  "date": "2026-07-07T03:27:15.390Z",
  "encoderContentHash": "40e8c8ba4c3d081c5051ea62d946d2ee9ee9f3205853b5c377a4c1e647e2d10c",
  "corpusPin": {
    "manifestSha256": "a9efbccdd9c7fe50f614d4687078584da603c5f07dce822cd323e0a5d7f4bdde",
    "conceptsSha256": "594021f66c2411825f9f09ec70319246419b94ac22d6032cd6007801fee9cea4",
    "conceptCount": 54
  },
  "D": 8192,
  "convention": "similarity (pairwise cosine, unit diagonal); item order = ids[] (alphabetical by slug)",
  "jlDerivation": "Achlioptas sign matrix, entries ±1/sqrt(d), signs from SHA-256 stream label jl/<D>/<d> (encoder det.ts DET_DOMAIN); verbatim copy of poc/harness/x4.ts jlProject — the projection X4 measured distortion on (Common rule 3: E-series claims inherit the R^d numbers)",
  "ids": [
    "urn:kernel-v0:afraid",
    "urn:kernel-v0:alive",
    "urn:kernel-v0:angry",
    "urn:kernel-v0:archived",
    "urn:kernel-v0:begin",
    "urn:kernel-v0:believe",
    "urn:kernel-v0:birth",
    "urn:kernel-v0:bookmark",
    "urn:kernel-v0:break",
    "urn:kernel-v0:broken",
    "urn:kernel-v0:cause",
    "urn:kernel-v0:celebration",
    "urn:kernel-v0:change",
    "urn:kernel-v0:condolence",
    "urn:kernel-v0:conversation",
    "urn:kernel-v0:dead",
    "urn:kernel-v0:death",
    "urn:kernel-v0:end",
    "urn:kernel-v0:event",
    "urn:kernel-v0:find",
    "urn:kernel-v0:forget",
    "urn:kernel-v0:friend",
    "urn:kernel-v0:gift",
    "urn:kernel-v0:give",
    "urn:kernel-v0:grieving",
    "urn:kernel-v0:happy",
    "urn:kernel-v0:has-part",
    "urn:kernel-v0:help",
    "urn:kernel-v0:helpful",
    "urn:kernel-v0:inside",
    "urn:kernel-v0:kind",
    "urn:kernel-v0:learn",
    "urn:kernel-v0:liar",
    "urn:kernel-v0:lie",
    "urn:kernel-v0:lose",
    "urn:kernel-v0:lost",
    "urn:kernel-v0:make",
    "urn:kernel-v0:maker-of",
    "urn:kernel-v0:memory",
    "urn:kernel-v0:near",
    "urn:kernel-v0:part-of",
    "urn:kernel-v0:promise",
    "urn:kernel-v0:remember",
    "urn:kernel-v0:reminder",
    "urn:kernel-v0:repair",
    "urn:kernel-v0:right",
    "urn:kernel-v0:sad",
    "urn:kernel-v0:take",
    "urn:kernel-v0:teacher",
    "urn:kernel-v0:thief",
    "urn:kernel-v0:trustworthy",
    "urn:kernel-v0:useful",
    "urn:kernel-v0:visible",
    "urn:kernel-v0:wrong"
  ],
  "excludedFromAnalysis": [
    "urn:kernel-v0:has-part",
    "urn:kernel-v0:maker-of",
    "urn:kernel-v0:part-of"
  ],
  "analysisIds": [
    "urn:kernel-v0:afraid",
    "urn:kernel-v0:alive",
    "urn:kernel-v0:angry",
    "urn:kernel-v0:archived",
    "urn:kernel-v0:begin",
    "urn:kernel-v0:believe",
    "urn:kernel-v0:birth",
    "urn:kernel-v0:bookmark",
    "urn:kernel-v0:break",
    "urn:kernel-v0:broken",
    "urn:kernel-v0:cause",
    "urn:kernel-v0:celebration",
    "urn:kernel-v0:change",
    "urn:kernel-v0:condolence",
    "urn:kernel-v0:conversation",
    "urn:kernel-v0:dead",
    "urn:kernel-v0:death",
    "urn:kernel-v0:end",
    "urn:kernel-v0:event",
    "urn:kernel-v0:find",
    "urn:kernel-v0:forget",
    "urn:kernel-v0:friend",
    "urn:kernel-v0:gift",
    "urn:kernel-v0:give",
    "urn:kernel-v0:grieving",
    "urn:kernel-v0:happy",
    "urn:kernel-v0:help",
    "urn:kernel-v0:helpful",
    "urn:kernel-v0:inside",
    "urn:kernel-v0:kind",
    "urn:kernel-v0:learn",
    "urn:kernel-v0:liar",
    "urn:kernel-v0:lie",
    "urn:kernel-v0:lose",
    "urn:kernel-v0:lost",
    "urn:kernel-v0:make",
    "urn:kernel-v0:memory",
    "urn:kernel-v0:near",
    "urn:kernel-v0:promise",
    "urn:kernel-v0:remember",
    "urn:kernel-v0:reminder",
    "urn:kernel-v0:repair",
    "urn:kernel-v0:right",
    "urn:kernel-v0:sad",
    "urn:kernel-v0:take",
    "urn:kernel-v0:teacher",
    "urn:kernel-v0:thief",
    "urn:kernel-v0:trustworthy",
    "urn:kernel-v0:useful",
    "urn:kernel-v0:visible",
    "urn:kernel-v0:wrong"
  ],
  "full": {
    "D": 8192,
    "similarity": [
      [
        1,
        0.4660890628009445,
        0.6693270026373731,
        0.3331214604303665,
        0.04756247563478028,
        0.45891672865110333,
        -0.00008007083846103591,
        0.10240307499364112,
        0.335759353918316,
        0.5215258856850261,
        0.21230473656326726,
        0.19222330644525848,
        0.19113067580069745,
        -0.006823788216674265,
        -0.000818062016364508,
        0.46993933923690934,
        0.0023608077307711193,
        0.0722940549614713,
        0.0019276534396264389,
        0.4204020061884009,
        0.4332685588943207,
        0.2402413987908716,
        0.17427035556273274,
        0.3399751458256092,
        0.6760497478734311,
        0.9750568745086096,
        0.23498606230144847,
        0.22748260312302088,
        0.6561130608725912,
        0.22814235189447257,
        0.1764030237141836,
        0.45385690551491414,
        0.2608906165258562,
        -0.010452930085140618,
        0.4600131378370452,
        0.4715625341950431,
        0.538097050092867,
        0.3973966736079991,
        -0.0009011186249155138,
        0.20056771477775814,
        0.2336149969323045,
        -0.008496683253128318,
        0.41705413903077626,
        0.10280540509962512,
        0.35965554847984055,
        0.25658214066770296,
        0.9933304138942123,
        0.3846215715351577,
        0.2199740051618841,
        0.3655025074618646,
        0.6933280732990663,
        0.2742843022461364,
        0.2951252692700254,
        0.44814084130710996
      ],
      [
        0.4660890628009445,
        1,
        0.40642588555126014,
        0.18600137198247244,
        0.05534157626083759,
        0.33266436166873486,
        0.12052381708531348,
        -0.004811411008007904,
        0.29308024045888964,
        0.2807548491975884,
        0.21435277675740716,
        0.20856157579022377,
        0.18411202111542782,
        0.1312580969031666,
        0.1905704078042961,
        0.6549807352099275,
        0.13328257986289516,
        0.18876355842485668,
        0.27878112106795677,
        0.22561037395324904,
        0.37273623298866826,
        0.2451850707119547,
        0.11359938560687916,
        0.2842959157478214,
        0.4445754570473993,
        0.4614786992013224,
        0.05788118487289596,
        0.28740224429476546,
        0.45130770462351344,
        0.1903107391588857,
        0.20437531359579883,
        0.24837197997589533,
        0.3727718480001525,
        0.05528174217098592,
        0.25375982703157024,
        0.264921364302123,
        0.24041770434053622,
        0.3481938135942572,
        0.1270359759718567,
        0.21047679095118782,
        0.15471839107629212,
        0.061253310226108346,
        0.29483794126284274,
        -0.0026162135937493575,
        0.2910950963955079,
        0.44979669665221494,
        0.46371796007390126,
        0.30828715564572096,
        0.3234521192809873,
        0.20248663293251068,
        0.5835516286619729,
        0.25624595728092925,
        0.3615721836648792,
        0.25644159082553064
      ],
      [
        0.6693270026373731,
        0.40642588555126014,
        1,
        0.4860946366652919,
        0.046912533984802954,
        0.20639548416939132,
        0.16413364268861266,
        0.3615251945387195,
        0.15905764042408993,
        0.2694696975836991,
        0.027010369193562447,
        0.0036388062944739414,
        0.008928869842709727,
        0.165538621908582,
        0.16115501794543144,
        0.4215194272934955,
        0.16855092234912877,
        0.058636287427682655,
        -0.006587815362031624,
        0.2160424669762205,
        0.20064075401358689,
        0.40227271189839536,
        -0.0012133338624579634,
        0.14963503591193442,
        0.42833660632295273,
        0.6563984967910335,
        0.005549748445365856,
        0.5555489480257948,
        0.5928649321344212,
        0.007457607318289003,
        -0.010024745723976825,
        0.22524548907433312,
        0.22388228973268406,
        0.14638762530351007,
        0.23990688107374622,
        0.23839366866217723,
        0.30875868167729953,
        0.341516645504613,
        0.3059833232736743,
        0.010497517260750223,
        0.009806701310332039,
        0.15831367483087022,
        0.1876635743136745,
        0.38810163367285627,
        0.17054466274677071,
        0.22614248664252423,
        0.6699560703032568,
        0.18100787124937026,
        0.1896333513748308,
        0.3154833099379728,
        0.4405461393641417,
        0.6084092414671044,
        0.46500995258759115,
        0.20333861421985813
      ],
      [
        0.3331214604303665,
        0.18600137198247244,
        0.4860946366652919,
        1,
        0.24019724550105792,
        -0.0006511845897158573,
        0.46321289432484086,
        0.408378338511402,
        0.13906906843988326,
        0.4148137730696198,
        0.303806466104416,
        0.13236322875308706,
        0.306889267781282,
        0.33602959305541574,
        0.28143894051036983,
        0.1962773559505164,
        0.4674018737776094,
        0.22820240361157468,
        0.1520981978624,
        0.03996990078642303,
        -0.004276997470783462,
        0.28380102868330115,
        0.12833277534848309,
        -0.0016466025507144773,
        0.22274297687945568,
        0.33053978461484723,
        0.20492263113124165,
        0.17760317351242375,
        0.4150770601701458,
        0.17618291521456492,
        0.1260863650241725,
        0.03775578127345417,
        0.016319316747144902,
        0.3127393926606675,
        0.04358805052989731,
        0.3679601379971928,
        0.31036432760586097,
        0.006402615588572951,
        0.31491789623156663,
        0.1306479404706079,
        0.1694531493508431,
        0.3465776725894901,
        -0.008573264554486586,
        0.4392904260198139,
        0.14659838690368612,
        0.40237100765025635,
        0.33209777402582047,
        0.15818369862159629,
        0.004610756461990296,
        0.17328610700252017,
        0.23463557798170404,
        0.5512844836355535,
        0.6010213084925473,
        0.3972564574735801
      ],
      [
        0.04756247563478028,
        0.05534157626083759,
        0.046912533984802954,
        0.24019724550105792,
        1,
        0.17858672678633944,
        0.28365065475850254,
        0.2026000365326965,
        0.20726382128807377,
        0.2819227506205156,
        0.3362499475121444,
        0.20217968266558414,
        0.23664874888868345,
        0.24542936460139406,
        0.19014381537211597,
        0.06215054059546785,
        0.3010692870032847,
        0.6699002722623391,
        0.3825382983500871,
        0.2666784857145266,
        0.2183139581322219,
        0.21849590092021864,
        0.1501849314231884,
        0.20254966996324314,
        0.09381407833136325,
        0.04753863702585757,
        0.4424679201550351,
        0.16610227838698066,
        0.10577587276484386,
        0.35791782499144825,
        0.19236384411705862,
        0.29366700292930925,
        0.02167939196138553,
        0.19043475665551599,
        0.24181697284278061,
        0.2585080011259233,
        0.1989006618043965,
        0.20515278269390708,
        0.21938135777276846,
        0.3290822578992177,
        0.356594948874761,
        0.19437175129951842,
        0.17026850588836123,
        0.20892036206883693,
        0.21582527247010402,
        0.1980691603606871,
        0.04611779914694382,
        0.22760882226393528,
        0.021045008640703286,
        0.09397941544539755,
        0.09108295263471333,
        0.22813144141429034,
        0.255142570294595,
        0.21307522966347353
      ],
      [
        0.45891672865110333,
        0.33266436166873486,
        0.20639548416939132,
        -0.0006511845897158573,
        0.17858672678633944,
        1,
        0.03384066859312355,
        0.011260806460721196,
        0.5385019463183628,
        0.29173593545926496,
        0.45190627140992723,
        0.2676540774134404,
        0.26596259738945344,
        0.027061095052659506,
        0.09685676178376813,
        0.40166152244710007,
        0.02897431904336323,
        0.2419097418632519,
        0.09377420876665925,
        0.5706038948326537,
        0.8231478290078088,
        0.5390495680123587,
        0.2669882090796075,
        0.5236844515348417,
        0.4508671883284941,
        0.4593971918207863,
        0.45125321036284977,
        0.47276254350757074,
        0.23195974735848185,
        0.5206113386735679,
        0.3074083644605121,
        0.6384388636513048,
        0.358074896255308,
        0.011055265823122483,
        0.6787565001950738,
        0.3548725192358018,
        0.6071631354858914,
        0.6165197810739581,
        0.030041813286243595,
        0.5102174074179824,
        0.509415060164848,
        0.020383248661629123,
        0.7477616641581737,
        -0.016615389622980564,
        0.5566969168640186,
        0.23712846011815564,
        0.45975107183325975,
        0.5982177579995743,
        0.3892118490147257,
        0.20838666227350247,
        0.5065040510994658,
        0.07203531086683244,
        0.08283813543136412,
        0.3056901291898412
      ],
      [
        -0.00008007083846103591,
        0.12052381708531348,
        0.16413364268861266,
        0.46321289432484086,
        0.28365065475850254,
        0.03384066859312355,
        1,
        0.3731736436614112,
        0.3267707701921363,
        0.1578619301719394,
        0.38950074763156817,
        0.46103691085623644,
        0.557345261187509,
        0.5602471920290486,
        0.5235977611515042,
        0.12616980830104987,
        0.869676979564413,
        0.1801939969171825,
        0.39437602673385014,
        0.006360762463093747,
        0.06506913040581234,
        0.2264969067558337,
        0.27191004209616193,
        0.11509243137865356,
        -0.0005669839453595687,
        -0.0032863832273611264,
        0.31106292548044856,
        0.18821467007131193,
        0.05639876410155056,
        0.22319524052600934,
        0.3836504964666851,
        -0.00024007007568389909,
        0.22946144677361593,
        0.5357053967903049,
        -0.005269481245783183,
        0.13193518836020532,
        0.14348242815299722,
        0.06585392552279153,
        0.5379935887668126,
        0.22516640348717898,
        0.27116610553107195,
        0.5160105029072852,
        0.03175012900026454,
        0.4223572876877808,
        0.325092188211232,
        0.22208067844467788,
        -0.0027447610707289505,
        0.24036839335389046,
        0.20748957214929598,
        0.2000902639367864,
        0.03414702209201788,
        0.2973371478476228,
        0.3191802371916521,
        0.23954899031728563
      ],
      [
        0.10240307499364112,
        -0.004811411008007904,
        0.3615251945387195,
        0.408378338511402,
        0.2026000365326965,
        0.011260806460721196,
        0.3731736436614112,
        1,
        0.04829748960004471,
        0.18425707237455377,
        0.12450140988429331,
        0.25238337961669777,
        0.251134019790839,
        0.3895126178060055,
        0.375521094886609,
        0.007412536722513097,
        0.3741027987305566,
        0.18434920753849277,
        0.2638872739822774,
        0.06277876740462518,
        0.013982907219767592,
        0.17163504052514597,
        0.25430442896622846,
        -0.0019474524446647591,
        0.07113014670795928,
        0.10360012870908461,
        0.19721467035862256,
        0.2516353089030466,
        0.16339672370863553,
        0.14394480885067235,
        0.29191627850540264,
        0.06180844114782643,
        0.16597854789582744,
        0.3978860973466831,
        0.07551665609273855,
        0.17050604679977974,
        0.10814928670007005,
        0.1294316872331599,
        0.5546756301692839,
        0.12053899173840016,
        0.14955576491612013,
        0.3829905289155325,
        0.03238010635764322,
        0.748488986746394,
        0.013328139581734797,
        0.15454852447447537,
        0.10214456473878088,
        0.011171051787228844,
        0.1788778030230984,
        0.3124269609374167,
        0.05420747232546316,
        0.4183923830542118,
        0.31283300597494934,
        0.17840033666146388
      ],
      [
        0.335759353918316,
        0.29308024045888964,
        0.15905764042408993,
        0.13906906843988326,
        0.20726382128807377,
        0.5385019463183628,
        0.3267707701921363,
        0.04829748960004471,
        1,
        0.24674209698689398,
        0.6009292919171115,
        0.31430638561015894,
        0.48208056729835036,
        0.05717670344488775,
        0.10610521684126041,
        0.30261599599554206,
        0.2614410381287679,
        0.21734080579119888,
        0.13120035320044757,
        0.4861932798513783,
        0.533982092069782,
        0.34435607842040816,
        0.232241853482584,
        0.5886759921777704,
        0.37458201774396016,
        0.3355023768698726,
        0.3701318780263647,
        0.42461171819433885,
        0.17815928062482153,
        0.4009824637074254,
        0.2704137262914454,
        0.508749855264424,
        0.3614499082442231,
        0.046297291980899005,
        0.43323650131511915,
        0.18462086541848857,
        0.5924336416405237,
        0.5171277238990633,
        0.09017444700825926,
        0.3748622312959878,
        0.38375595169625926,
        0.017456548794578503,
        0.525587351661343,
        0.05845691619888944,
        0.8317625718444094,
        0.1065835229888582,
        0.3344094558204462,
        0.7766246743020243,
        0.2954251465912919,
        0.14907054362677655,
        0.3683199020394274,
        0.09015380636821303,
        0.057828679826337465,
        0.18211417476150193
      ],
      [
        0.5215258856850261,
        0.2807548491975884,
        0.2694696975836991,
        0.4148137730696198,
        0.2819227506205156,
        0.29173593545926496,
        0.1578619301719394,
        0.18425707237455377,
        0.24674209698689398,
        1,
        0.4478308009852301,
        0.44785078296258024,
        0.3773217394742502,
        0.16596751753860903,
        0.21399713261240727,
        0.28107699109753703,
        0.15909778029294366,
        0.39123048192574744,
        0.2635775277488368,
        0.3966082345851401,
        0.26792344599846446,
        0.01568360556806485,
        0.44885931039413146,
        0.19932158259782426,
        0.6817808583678171,
        0.5239330739987673,
        0.4071429453992435,
        0.1399720005060333,
        0.32234541297036573,
        0.484585250637669,
        0.36788521310251154,
        0.4227230028478775,
        0.16941360335965935,
        0.15054666196712588,
        0.3878222739022853,
        0.7843961614361102,
        0.32627252426652725,
        0.25578967329721186,
        0.15374852107018958,
        0.39043929801120675,
        0.4888536604702687,
        0.16766532951955782,
        0.3070073979927812,
        0.1958567986051384,
        0.20371152029745207,
        0.5263840511293056,
        0.5215468108851711,
        0.257043341676744,
        0.12457199443683448,
        0.08761895476394861,
        0.49530092278734505,
        0.5272171878197411,
        0.5134297451007716,
        0.5961273147544618
      ],
      [
        0.21230473656326726,
        0.21435277675740716,
        0.027010369193562447,
        0.303806466104416,
        0.3362499475121444,
        0.45190627140992723,
        0.38950074763156817,
        0.12450140988429331,
        0.6009292919171115,
        0.4478308009852301,
        1,
        0.5003785197281735,
        0.6806955668392263,
        0.2460786065378776,
        0.3043788028687208,
        0.2579151627272875,
        0.35521022766485005,
        0.39239950355739844,
        0.37530670893962415,
        0.39171983422887896,
        0.47338584910178216,
        0.2211876663105353,
        0.41786773623657175,
        0.3886521898319156,
        0.28861258869235284,
        0.21093585630289183,
        0.5463659625755386,
        0.30232501247048726,
        0.024551924387725528,
        0.6511632361019563,
        0.377100980122765,
        0.4192407011680928,
        0.18139288852134364,
        0.18540440663444757,
        0.35050304500337487,
        0.3648660646914677,
        0.5132810159094113,
        0.48310028995913984,
        0.2403582126166984,
        0.6345619101298842,
        0.6299241023488317,
        0.20472364239352617,
        0.4366303245812629,
        0.1164390513124115,
        0.5846119933384774,
        0.3064963542333374,
        0.2115181232930778,
        0.589574224792418,
        0.17186965706611476,
        0.0015555419345475812,
        0.26938139151755713,
        0.25560189781202935,
        0.22882512902724736,
        0.3704453200131034
      ],
      [
        0.19222330644525848,
        0.20856157579022377,
        0.0036388062944739414,
        0.13236322875308706,
        0.20217968266558414,
        0.2676540774134404,
        0.46103691085623644,
        0.25238337961669777,
        0.31430638561015894,
        0.44785078296258024,
        0.5003785197281735,
        1,
        0.571573503481856,
        0.4340772438998839,
        0.5539234651628374,
        0.20055426691122966,
        0.5246725119251556,
        0.24451112100612218,
        0.47622556891773365,
        0.23341034938861407,
        0.2914530217195727,
        0.03959220844751118,
        0.5200500323190467,
        0.23806790201322198,
        0.2780996564469901,
        0.1899938062796387,
        0.4249848066000744,
        0.13549097083744546,
        0.002700725555116925,
        0.48593570686756793,
        0.6183487980970864,
        0.24775157055353714,
        0.3424305177345799,
        0.40518294419556783,
        0.19870777846262805,
        0.3553941191159386,
        0.17630183400824403,
        0.3201509046189012,
        0.4382421265578951,
        0.43529131198559534,
        0.501099908680357,
        0.3719165714080554,
        0.2862201765134372,
        0.28450332451749344,
        0.2628601239680151,
        0.3047469998584316,
        0.19073798928323857,
        0.236536070459492,
        0.32491042132315195,
        0.16684493209718326,
        0.25986552461221823,
        0.23577297665554386,
        0.21451575151618038,
        0.3884155892242919
      ],
      [
        0.19113067580069745,
        0.18411202111542782,
        0.008928869842709727,
        0.306889267781282,
        0.23664874888868345,
        0.26596259738945344,
        0.557345261187509,
        0.251134019790839,
        0.48208056729835036,
        0.3773217394742502,
        0.6806955668392263,
        0.571573503481856,
        1,
        0.3877469264459681,
        0.401309382587401,
        0.19636186497473246,
        0.49576447412697805,
        0.24513760888883301,
        0.5328448965838101,
        0.18879340751128162,
        0.28301255318783936,
        0.046157609255353546,
        0.49383636526774605,
        0.31712463470789026,
        0.2142681745642506,
        0.1897612977728643,
        0.3909181174037807,
        0.0933781787237333,
        0.008728419623505568,
        0.46616426602509053,
        0.5042671811760774,
        0.20764693455284422,
        0.2987034453455426,
        0.3296405852556751,
        0.18686186668408478,
        0.34604728568515625,
        0.4328387533093168,
        0.3107437213526669,
        0.375689072297956,
        0.43021745131897454,
        0.46863968128123173,
        0.351012667880654,
        0.22721667387948857,
        0.2540593466428499,
        0.5770098731308814,
        0.3022879041443188,
        0.18901588852158582,
        0.5839824526890383,
        0.2774677593285794,
        0.17078410735460878,
        0.24438403327682207,
        0.1951928926291305,
        0.21548668463858459,
        0.3825362794891886
      ],
      [
        -0.006823788216674265,
        0.1312580969031666,
        0.165538621908582,
        0.33602959305541574,
        0.24542936460139406,
        0.027061095052659506,
        0.5602471920290486,
        0.3895126178060055,
        0.05717670344488775,
        0.16596751753860903,
        0.2460786065378776,
        0.4340772438998839,
        0.3877469264459681,
        1,
        0.6847925071230268,
        0.1296879051147528,
        0.582206787092185,
        0.21416348774268879,
        0.43950027494800303,
        -0.006367044782049992,
        0.06806542261538077,
        0.22579617052949583,
        0.41815098824235425,
        0.17664633420114945,
        -0.0085202696921624,
        -0.005254732250652552,
        0.295632286278673,
        0.17981772529029524,
        0.036214775756576355,
        0.24522919603178014,
        0.38076414448456797,
        -0.012479757957923556,
        0.2174088005588282,
        0.7898746074457116,
        -0.0026897018568455317,
        0.306188543184304,
        -0.014285545818358345,
        0.11573820245858003,
        0.5802206571710727,
        0.3806323782213182,
        0.2888588162634772,
        0.8326958823333038,
        0.016831471307291988,
        0.4197152666409538,
        0.050383594417812545,
        0.23920231548629683,
        -0.008224919718926315,
        0.05676486442383911,
        0.1888143718427563,
        0.1858333711299053,
        0.04735158312417988,
        0.31138549623419126,
        0.3489613422667897,
        0.25821854739385736
      ],
      [
        -0.000818062016364508,
        0.1905704078042961,
        0.16115501794543144,
        0.28143894051036983,
        0.19014381537211597,
        0.09685676178376813,
        0.5235977611515042,
        0.375521094886609,
        0.10610521684126041,
        0.21399713261240727,
        0.3043788028687208,
        0.5539234651628374,
        0.401309382587401,
        0.6847925071230268,
        1,
        0.2027846253381584,
        0.5964874580520135,
        0.2278356886976241,
        0.4461316184079994,
        0.048586714445810836,
        0.1318127909648727,
        0.19920863151651888,
        0.44954608464376133,
        0.18970801784929453,
        0.05920845858879727,
        -0.0007369468793937147,
        0.23568247139018908,
        0.22549781583042086,
        0.004450297310957544,
        0.2968845618040102,
        0.40527755671858345,
        0.046314843401502465,
        0.266654801787589,
        0.5838250777916558,
        0.050890034693375344,
        0.3335167031684428,
        0.027069579165622977,
        0.19228804425118795,
        0.4960413311594939,
        0.42703369639178135,
        0.3103395397260697,
        0.617533652607225,
        0.07747270082996857,
        0.3567085515462068,
        0.08576876460986875,
        0.2844097489753669,
        -0.000500770268708092,
        0.09039565546274803,
        0.2535560059619016,
        0.1444565045149963,
        0.1076412970449667,
        0.35277759129792136,
        0.3793221325384528,
        0.20456481402065724
      ],
      [
        0.46993933923690934,
        0.6549807352099275,
        0.4215194272934955,
        0.1962773559505164,
        0.06215054059546785,
        0.40166152244710007,
        0.12616980830104987,
        0.007412536722513097,
        0.30261599599554206,
        0.28107699109753703,
        0.2579151627272875,
        0.20055426691122966,
        0.19636186497473246,
        0.1296879051147528,
        0.2027846253381584,
        1,
        0.1271667072209476,
        0.11745509483302734,
        0.20246074880322548,
        0.2286885889945458,
        0.5869883263294146,
        0.2605417990087093,
        0.1476874047984664,
        0.2904401024078073,
        0.4435419840566534,
        0.4687550971477202,
        0.058557861378525936,
        0.30286740315166694,
        0.4599714180329452,
        0.1757288101461401,
        0.1899899476754375,
        0.25320456436911826,
        0.3761000235088491,
        0.056291506548511366,
        0.3165487540687367,
        0.3430442068788006,
        0.255774327959668,
        0.3829412069169685,
        0.12251133473344117,
        0.27446284695065004,
        0.16599722687874485,
        0.06828467911735076,
        0.3356389623343975,
        -0.0006822433545990153,
        0.29975513766281703,
        0.367828375075485,
        0.47099913558783413,
        0.32525048715604965,
        0.3154397766925091,
        0.20215566112191616,
        0.5700844199883801,
        0.27836257155054567,
        0.29090899985478946,
        0.25217882117314766
      ],
      [
        0.0023608077307711193,
        0.13328257986289516,
        0.16855092234912877,
        0.4674018737776094,
        0.3010692870032847,
        0.02897431904336323,
        0.869676979564413,
        0.3741027987305566,
        0.2614410381287679,
        0.15909778029294366,
        0.35521022766485005,
        0.5246725119251556,
        0.49576447412697805,
        0.582206787092185,
        0.5964874580520135,
        0.1271667072209476,
        1,
        0.19090519480040885,
        0.40614661890694953,
        0.005841209191799943,
        0.06819904662592645,
        0.23710816631695575,
        0.2770823576950375,
        0.11950156078447574,
        0.0007332860258480214,
        -0.001359687094831708,
        0.3082624039685478,
        0.18326480884253812,
        0.058049788592238576,
        0.22494486648997378,
        0.3927833488489399,
        -0.0010493989187317612,
        0.21991598172168053,
        0.5256420812753263,
        -0.001361879552694536,
        0.1341585562131343,
        0.13712077211277832,
        0.1021185979969025,
        0.5610027586519197,
        0.21628380377381387,
        0.26722080414990773,
        0.518054202598136,
        0.03409293210106628,
        0.43373630946407554,
        0.27989123187373993,
        0.21791820780673546,
        -0.0002076394030906061,
        0.18834833089995975,
        0.20594625170015884,
        0.19349923963405682,
        0.04778255257194984,
        0.2943241623257037,
        0.3203455897472155,
        0.23705611730152695
      ],
      [
        0.0722940549614713,
        0.18876355842485668,
        0.058636287427682655,
        0.22820240361157468,
        0.6699002722623391,
        0.2419097418632519,
        0.1801939969171825,
        0.18434920753849277,
        0.21734080579119888,
        0.39123048192574744,
        0.39239950355739844,
        0.24451112100612218,
        0.24513760888883301,
        0.21416348774268879,
        0.2278356886976241,
        0.11745509483302734,
        0.19090519480040885,
        1,
        0.6687930315351965,
        0.2666327767869995,
        0.28113925442038545,
        0.173107468127163,
        0.2115722620100212,
        0.22442161909181943,
        0.1620711445379117,
        0.07497458786122024,
        0.3626478425426627,
        0.22664994152700108,
        0.09214085184229896,
        0.420953564829956,
        0.3293932024290714,
        0.295642854808312,
        0.08991215427157245,
        0.14384906499171637,
        0.2935401485597917,
        0.3378040618231492,
        0.2990922837648915,
        0.2575537613894671,
        0.19646222540890404,
        0.4087369663549939,
        0.44570373238320515,
        0.1574326756912108,
        0.23018078468680864,
        0.18756575417182558,
        0.2282610046211125,
        0.2692915584119731,
        0.07061125692903984,
        0.26934476352452263,
        0.053827661937721004,
        0.07855392008813272,
        0.23771883864225307,
        0.26875723295976045,
        0.29139604221325505,
        0.18306804894874076
      ],
      [
        0.0019276534396264389,
        0.27878112106795677,
        -0.006587815362031624,
        0.1520981978624,
        0.3825382983500871,
        0.09377420876665925,
        0.39437602673385014,
        0.2638872739822774,
        0.13120035320044757,
        0.2635775277488368,
        0.37530670893962415,
        0.47622556891773365,
        0.5328448965838101,
        0.43950027494800303,
        0.4461316184079994,
        0.20246074880322548,
        0.40614661890694953,
        0.6687930315351965,
        1,
        0.02759002944595051,
        0.14959942181716243,
        0.030597910608458543,
        0.4178897275916983,
        0.14016169610453963,
        0.04008634464750786,
        0.004296324570160179,
        0.23505109941139454,
        0.08947023421084306,
        0.00009048654817897992,
        0.31269105713400364,
        0.5048107425384818,
        0.030662745143430568,
        0.33471522643989526,
        0.354698252326193,
        0.04719187165563263,
        0.21842518023369403,
        0.0718768691014213,
        0.1732619734282556,
        0.41034454809712706,
        0.3228694902943751,
        0.35285724951597697,
        0.3825959640239167,
        0.09173102321538636,
        0.27561286430504406,
        0.13120091658146626,
        0.32122115962821596,
        0.00027190648062231125,
        0.1706255370473464,
        0.26670366869229833,
        0.1778228271062906,
        0.18146876009432794,
        0.21549144864338773,
        0.24375280762131607,
        0.23058616228475376
      ],
      [
        0.4204020061884009,
        0.22561037395324904,
        0.2160424669762205,
        0.03996990078642303,
        0.2666784857145266,
        0.5706038948326537,
        0.006360762463093747,
        0.06277876740462518,
        0.4861932798513783,
        0.3966082345851401,
        0.39171983422887896,
        0.23341034938861407,
        0.18879340751128162,
        -0.006367044782049992,
        0.048586714445810836,
        0.2286885889945458,
        0.005841209191799943,
        0.2666327767869995,
        0.02759002944595051,
        1,
        0.5239329519672127,
        0.3560154313736359,
        0.2593190973700214,
        0.4062737601566462,
        0.5925475005518636,
        0.419929708267333,
        0.33954903005387066,
        0.43671746301722797,
        0.2299449268829271,
        0.40903356215249237,
        0.16507346546361176,
        0.8375389104664331,
        0.3059339640532076,
        0.04519326184605744,
        0.8012384894147132,
        0.32244620348473857,
        0.541117535339814,
        0.4946470660251271,
        0.0004333910621084129,
        0.3388134404004129,
        0.38783809727715907,
        -0.011507711360805044,
        0.6798868633511975,
        0.04971310432616821,
        0.4497494145729518,
        0.06972927973494701,
        0.419438336052738,
        0.4713259274718355,
        0.30825590355339805,
        0.28187410854743694,
        0.4055731414319175,
        0.1535662342136556,
        0.12791914870464402,
        0.1612541329712325
      ],
      [
        0.4332685588943207,
        0.37273623298866826,
        0.20064075401358689,
        -0.004276997470783462,
        0.2183139581322219,
        0.8231478290078088,
        0.06506913040581234,
        0.013982907219767592,
        0.533982092069782,
        0.26792344599846446,
        0.47338584910178216,
        0.2914530217195727,
        0.28301255318783936,
        0.06806542261538077,
        0.1318127909648727,
        0.5869883263294146,
        0.06819904662592645,
        0.28113925442038545,
        0.14959942181716243,
        0.5239329519672127,
        1,
        0.5321660840438379,
        0.2736756075131303,
        0.5238164479176983,
        0.4178651784276678,
        0.43256606344161286,
        0.40887541534399585,
        0.43615054552894844,
        0.22148160402959102,
        0.47414158931005473,
        0.3268793588085604,
        0.5825519445710262,
        0.3413466255654597,
        0.006908000901596492,
        0.6198083051627139,
        0.3334538556191576,
        0.5577035683467015,
        0.6448062280760362,
        0.06931363291664795,
        0.5103891490539035,
        0.46272594891864494,
        0.015381247787961504,
        0.75963867838869,
        -0.01083918199748448,
        0.5505342540062322,
        0.1469484499180438,
        0.43350365416344677,
        0.5913683766197155,
        0.348950405310841,
        0.1919927397529884,
        0.5235563203352258,
        0.0684575178772588,
        0.0771857955056939,
        0.22164049953063045
      ],
      [
        0.2402413987908716,
        0.2451850707119547,
        0.40227271189839536,
        0.28380102868330115,
        0.21849590092021864,
        0.5390495680123587,
        0.2264969067558337,
        0.17163504052514597,
        0.34435607842040816,
        0.01568360556806485,
        0.2211876663105353,
        0.03959220844751118,
        0.046157609255353546,
        0.22579617052949583,
        0.19920863151651888,
        0.2605417990087093,
        0.23710816631695575,
        0.173107468127163,
        0.030597910608458543,
        0.3560154313736359,
        0.5321660840438379,
        1,
        0.04088592471739686,
        0.32694547258637585,
        0.2070105461859446,
        0.23890118765107346,
        0.2943631317201258,
        0.5861053536176243,
        0.33439841618075306,
        0.24497506331533203,
        0.03428382398591848,
        0.3859411720682515,
        0.27840007066483907,
        0.2047281502087975,
        0.3580365774214262,
        0.010678810534129581,
        0.3808002902967512,
        0.3796483200152987,
        0.22121205322977325,
        0.20404033016424775,
        0.24322260552068206,
        0.23146265610884784,
        0.538479776975944,
        0.17479803870449787,
        0.35760504325932035,
        0.04993052757995464,
        0.23912740713107053,
        0.3840416591271735,
        0.3132147132170305,
        0.24086801797940302,
        0.19210251876145373,
        0.18185579326580498,
        0.20208282114300322,
        0.08662116238915733
      ],
      [
        0.17427035556273274,
        0.11359938560687916,
        -0.0012133338624579634,
        0.12833277534848309,
        0.1501849314231884,
        0.2669882090796075,
        0.27191004209616193,
        0.25430442896622846,
        0.232241853482584,
        0.44885931039413146,
        0.41786773623657175,
        0.5200500323190467,
        0.49383636526774605,
        0.41815098824235425,
        0.44954608464376133,
        0.1476874047984664,
        0.2770823576950375,
        0.2115722620100212,
        0.4178897275916983,
        0.2593190973700214,
        0.2736756075131303,
        0.04088592471739686,
        1,
        0.33177850344420834,
        0.2875655082994122,
        0.17836908776036856,
        0.37853060198491445,
        0.15497370399885288,
        0.0034731554048387982,
        0.4242430682349838,
        0.4730003159824531,
        0.2655684505526885,
        0.37175136598513514,
        0.4176312617399595,
        0.276069035428794,
        0.4827666847381529,
        0.20250955192704959,
        0.3262063041145511,
        0.2762219307158452,
        0.4767446492771445,
        0.4243602045021377,
        0.4176813774282671,
        0.352354473130982,
        0.29215392395237955,
        0.18612891352100722,
        0.29106540729113006,
        0.1746623968609938,
        0.2211024488817019,
        0.3255593756458642,
        0.20163519659647886,
        0.2079102920753999,
        0.24757958088044746,
        0.2166912436224429,
        0.3500860718528067
      ],
      [
        0.3399751458256092,
        0.2842959157478214,
        0.14963503591193442,
        -0.0016466025507144773,
        0.20254966996324314,
        0.5236844515348417,
        0.11509243137865356,
        -0.0019474524446647591,
        0.5886759921777704,
        0.19932158259782426,
        0.3886521898319156,
        0.23806790201322198,
        0.31712463470789026,
        0.17664633420114945,
        0.18970801784929453,
        0.2904401024078073,
        0.11950156078447574,
        0.22442161909181943,
